24 9.699999282020144e-06 1 
600 3.119999928458128e-05 5 
2400 6.199999916134402e-06 10 
9600 6.8999997893115506e-06 20 
38400 9.299999874201603e-06 40 
60000 8.019999950192869e-05 50 
153600 1.4999999621068127e-05 80 
240000 2.1699999706470408e-05 100 
540000 0.0001570999993418809 150 
960000 0.0001640999998926418 200 
2160000 0.0004588000010699034 300 
6000000 0.0020641000010073185 500 
24000000 0.013345299999855342 1000 
54000000 0.025417100001504878 1500 
96000000 0.07443790000070294 2000 
600000000 0.9546023000002606 5000 
2400000000 7.7246457999990525 10000 
24 0.05971540000064124 1 
600 1.8400000044493936e-05 5 
2400 5.20000139658805e-06 10 
9600 4.900000931229442e-06 20 
38400 7.0000005507608876e-06 40 
60000 1.809999957913533e-05 50 
153600 1.610000072105322e-05 80 
240000 2.1800000467919745e-05 100 
540000 8.130000060191378e-05 150 
960000 0.00013049999870418105 200 
2160000 0.0003856999992422061 300 
6000000 0.0018632999999681488 500 
24000000 0.01345220000075642 1000 
54000000 0.04086759999881906 1500 
96000000 0.07434770000145363 2000 
600000000 1.1204231000010623 5000 
2400000000 7.58454139999958 10000 
24 0.06608430000051158 1 
600 1.8300001102034003e-05 5 
2400 4.999999873689376e-06 10 
9600 4.900000931229442e-06 20 
38400 6.8999997893115506e-06 40 
60000 6.129999928816687e-05 50 
153600 2.4200000552809797e-05 80 
240000 2.7099998987978324e-05 100 
540000 7.960000039020088e-05 150 
960000 0.00013249999938125256 200 
2160000 0.0003813999992416939 300 
6000000 0.0018882999993365956 500 
24000000 0.013422499998341664 1000 
54000000 0.04564329999993788 1500 
96000000 0.0861800000002404 2000 
600000000 0.9186915999998746 5000 
2400000000 7.674988900000244 10000 
24 0.06359960000008869 1 
600 2.159999894502107e-05 5 
2400 6.099999154685065e-06 10 
9600 5.40000110049732e-06 20 
38400 9.999999747378752e-06 40 
60000 2.069999936793465e-05 50 
153600 1.9400000383029692e-05 80 
240000 2.59000007645227e-05 100 
540000 8.150000030582305e-05 150 
960000 0.00013279999984661117 200 
2160000 0.0003839999990304932 300 
6000000 0.0018971999998029787 500 
24000000 0.013316000000486383 1000 
54000000 0.04568719999952009 1500 
96000000 0.0840688999996928 2000 
600000000 1.0643693999991228 5000 
2400000000 7.376862700000856 10000 
24 0.052985599999374244 1 
600 1.630000042496249e-05 5 
2400 4.100000296602957e-06 10 
9600 4.19999923906289e-06 20 
38400 6.800000846851617e-06 40 
60000 5.4600001021753997e-05 50 
153600 2.2199999875738285e-05 80 
240000 2.9400000130408444e-05 100 
540000 9.219999992637895e-05 150 
960000 0.00012800000149582047 200 
2160000 0.0003909999995812541 300 
6000000 0.0018885999998019543 500 
24000000 0.013426900000922615 1000 
54000000 0.03797119999944698 1500 
96000000 0.08354229999895324 2000 
600000000 0.9718568999996933 5000 
2400000000 6.962686099999701 10000 
24 0.06615010000132315 1 
600 2.8000000384054147e-05 5 
2400 5.899999450775795e-06 10 
9600 4.599998646881431e-06 20 
38400 8.400000297115184e-06 40 
60000 5.559999954130035e-05 50 
153600 1.7500000467407517e-05 80 
240000 2.300000051036477e-05 100 
540000 8.770000022195745e-05 150 
960000 0.00013579999904322904 200 
2160000 0.0003864999998768326 300 
6000000 0.0018536999996285886 500 
24000000 0.013038399998549721 1000 
54000000 0.03202980000060052 1500 
96000000 0.0719200000003184 2000 
600000000 1.0389049999994313 5000 
2400000000 8.006808300000557 10000 
24 0.05988150000121095 1 
600 1.8999999156221747e-05 5 
2400 5.300000339047983e-06 10 
9600 3.899998773704283e-06 20 
38400 7.599999662488699e-06 40 
60000 2.6899999284069054e-05 50 
153600 2.010000025620684e-05 80 
240000 2.4500001018168405e-05 100 
540000 8.059999890974723e-05 150 
960000 0.00013250000120024197 200 
2160000 0.0003878999996231869 300 
6000000 0.0018507000004319707 500 
24000000 0.013178199998947093 1000 
54000000 0.036370499999975436 1500 
96000000 0.08706100000017614 2000 
600000000 1.0450161999997363 5000 
2400000000 7.862112399998296 10000 
24 0.06300639999972191 1 
600 1.809999957913533e-05 5 
2400 4.899999112240039e-06 10 
9600 4.800000169780105e-06 20 
38400 6.599999323952943e-06 40 
60000 1.6699999832781032e-05 50 
153600 1.5199999324977398e-05 80 
240000 2.029999996011611e-05 100 
540000 6.399999983841553e-05 150 
960000 9.820000013860408e-05 200 
2160000 0.00027319999935571104 300 
6000000 0.0014033999996172497 500 
24000000 0.00936830000136979 1000 
54000000 0.03859089999969001 1500 
96000000 0.09252480000031937 2000 
600000000 1.0374312000003556 5000 
2400000000 8.008334400001331 10000 
24 0.06549040000027162 1 
600 2.1500000002561137e-05 5 
2400 6.199999916134402e-06 10 
9600 5.199999577598646e-06 20 
38400 9.900000804918818e-06 40 
60000 2.080000012938399e-05 50 
153600 1.8400000044493936e-05 80 
240000 2.6199999410891905e-05 100 
540000 8.209999941755086e-05 150 
960000 0.00013519999993150122 200 
2160000 0.00038409999979194254 300 
6000000 0.0019006999991688645 500 
24000000 0.013214399999924353 1000 
54000000 0.04504640000050131 1500 
96000000 0.07656680000036431 2000 
600000000 1.0104888999994728 5000 
2400000000 7.742656200000056 10000 
24 0.06015040000056615 1 
600 1.8500000805943273e-05 5 
2400 4.499999704421498e-06 10 
9600 3.7999998312443495e-06 20 
38400 7.200000254670158e-06 40 
60000 1.9099999917671084e-05 50 
153600 1.8300001102034003e-05 80 
240000 2.4400000256719068e-05 100 
540000 8.159999924828298e-05 150 
960000 0.00013279999984661117 200 
2160000 0.0003833999999187654 300 
6000000 0.0018656000011105789 500 
24000000 0.013296000000991626 1000 
54000000 0.03220379999947909 1500 
96000000 0.07281999999941036 2000 
600000000 1.0187965000004624 5000 
2400000000 8.218470499999967 10000 
