24 9.88000010693213e-05 2 
150 2.409999979136046e-05 5 
600 2.2300000637187622e-05 10 
2400 7.94000006862916e-05 20 
9600 0.00018259999887959566 40 
15000 0.0001269999993382953 50 
29400 0.0002072000006592134 70 
60000 0.00026699999943957664 100 
960000 0.0016244999987975461 400 
3840000 0.006354499999360996 800 
13500000 0.029997200001162128 1500 
24000000 0.06991220000054454 2000 
37500000 0.13496920000034152 2500 
150000000 0.7497622000009869 5000 
216000000 1.1698139000000083 6000 
24 0.010231700000076671 2 
150 6.439999924623407e-05 5 
600 3.3399999665562063e-05 10 
2400 7.610000102431513e-05 20 
9600 0.000158200000441866 40 
15000 0.00014729999929841142 50 
29400 0.00021829999968758784 70 
60000 0.00028509999901871197 100 
960000 0.001706499999272637 400 
3840000 0.00558180000007269 800 
13500000 0.031152499999734573 1500 
24000000 0.07064960000025167 2000 
37500000 0.12816269999893848 2500 
150000000 0.7814185000006546 5000 
216000000 1.2252179000006436 6000 
24 0.010334900000088965 2 
150 7.430000005115289e-05 5 
600 3.3299998904112726e-05 10 
2400 7.040000127744861e-05 20 
9600 0.00013100000069243833 40 
15000 0.0001298000006499933 50 
29400 0.00018599999930302147 70 
60000 0.00024230000053648837 100 
960000 0.0015643999995518243 400 
3840000 0.00621790000150213 800 
13500000 0.03143219999947178 1500 
24000000 0.06669739999961166 2000 
37500000 0.12865849999980128 2500 
150000000 0.8103362000001653 5000 
216000000 1.2394307000013214 6000 
24 0.009099000000787782 2 
150 5.549999877985101e-05 5 
600 2.5299999833805487e-05 10 
2400 6.179999945743475e-05 20 
9600 0.00012869999955000822 40 
15000 0.00013500000022759195 50 
29400 0.00019379999866941944 70 
60000 0.00025829999867710285 100 
960000 0.0015624999996362021 400 
3840000 0.005972999999357853 800 
13500000 0.030881500000759843 1500 
24000000 0.06590809999943303 2000 
37500000 0.12874740000006568 2500 
150000000 0.7492376999998669 5000 
216000000 1.1375788999994256 6000 
24 0.00973609999891778 2 
150 8.08000004326459e-05 5 
600 3.199999991920777e-05 10 
2400 7.03999994584592e-05 20 
9600 0.00012869999955000822 40 
15000 0.00012860000060754828 50 
29400 0.00018090000048687216 70 
60000 0.00024699999994481914 100 
960000 0.0015774000003148103 400 
3840000 0.0062629000003653346 800 
13500000 0.031515199998466414 1500 
24000000 0.07097889999931795 2000 
37500000 0.13140740000017104 2500 
150000000 0.7554753000003984 5000 
216000000 1.2546550999995816 6000 
24 0.01014020000002347 2 
150 7.619999996677507e-05 5 
600 2.680000034160912e-05 10 
2400 6.349999966914766e-05 20 
9600 0.00016490000052726828 40 
15000 0.00013219999891589396 50 
29400 0.0001934000010805903 70 
60000 0.00025519999871903565 100 
960000 0.0016102000008686446 400 
3840000 0.006158599999253056 800 
13500000 0.03345149999950081 1500 
24000000 0.06854129999919678 2000 
37500000 0.1279562999989139 2500 
150000000 0.7530759000001126 5000 
216000000 1.086714299999585 6000 
24 0.0090223999995942 2 
150 4.9899999794433825e-05 5 
600 2.3800001144991256e-05 10 
2400 5.710000004910398e-05 20 
9600 0.0001236000007338589 40 
15000 0.00012509999942267314 50 
29400 0.00019260000044596381 70 
60000 0.00025439999990339857 100 
960000 0.0015297000009013573 400 
3840000 0.0063383000015164725 800 
13500000 0.033156899999085 1500 
24000000 0.07002519999878132 2000 
37500000 0.132648099999642 2500 
150000000 0.7762062000001606 5000 
216000000 1.2141859000003024 6000 
24 0.00917229999868141 2 
150 7.170000026235357e-05 5 
600 2.6699999580159783e-05 10 
2400 5.919999966863543e-05 20 
9600 0.00012579999929585028 40 
15000 0.00015070000154082663 50 
29400 0.0002040999988821568 70 
60000 0.0002537000000302214 100 
960000 0.0016240999993897276 400 
3840000 0.006216199999471428 800 
13500000 0.033046399999875575 1500 
24000000 0.06926899999962188 2000 
37500000 0.13018079999892507 2500 
150000000 0.7661631999999372 5000 
216000000 1.1839905999986513 6000 
24 0.008010300000023562 2 
150 4.959999932907522e-05 5 
600 2.4199998733820394e-05 10 
2400 5.619999865302816e-05 20 
9600 0.00012799999967683107 40 
15000 0.00015660000099160243 50 
29400 0.0002122999994753627 70 
60000 0.0003037999995285645 100 
960000 0.0017573000004631467 400 
3840000 0.006199099998411839 800 
13500000 0.03358889999981329 1500 
24000000 0.07076290000077279 2000 
37500000 0.12925600000016857 2500 
150000000 0.7464744999997492 5000 
216000000 1.171401199999309 6000 
24 0.009019300001455122 2 
150 5.249999958323315e-05 5 
600 2.409999979136046e-05 10 
2400 5.849999979545828e-05 20 
9600 0.00013479999870469328 40 
15000 0.0001351000009890413 50 
29400 0.00018530000124883372 70 
60000 0.00024619999931019265 100 
960000 0.0015452000006916933 400 
3840000 0.006359500001053675 800 
13500000 0.027558399999179528 1500 
24000000 0.06452159999935247 2000 
37500000 0.12874379999993835 2500 
150000000 0.7409133999990445 5000 
216000000 1.1919262000010349 6000 
