24 7.020000157353934e-05 2 
150 2.370000038354192e-05 5 
600 2.2000000171829015e-05 10 
2400 6.209999992279336e-05 20 
9600 0.00013959999887447339 40 
15000 0.00016340000001946464 50 
29400 0.0002077999997709412 70 
60000 0.00025920000007317867 100 
960000 0.0016044000003603287 400 
3840000 0.005855699999301578 800 
13500000 0.03444449999915378 1500 
24000000 0.06930399999873771 2000 
37500000 0.12988229999973555 2500 
150000000 0.7937048000003415 5000 
216000000 1.2104837999995652 6000 
24 0.009921700000631972 2 
150 5.63000012334669e-05 5 
600 2.8899999961140566e-05 10 
2400 6.680000115011353e-05 20 
9600 0.00015270000039890874 40 
15000 0.00012889999925391749 50 
29400 0.00017690000095171854 70 
60000 0.00024560000019846484 100 
960000 0.0015799000011611497 400 
3840000 0.0059827999994013226 800 
13500000 0.03139270000065153 1500 
24000000 0.06905010000082257 2000 
37500000 0.13195029999951657 2500 
150000000 0.7364289999986795 5000 
216000000 1.1712743999996746 6000 
24 0.010053299998617149 2 
150 5.2600000344682485e-05 5 
600 2.4200000552809797e-05 10 
2400 5.899999996472616e-05 20 
9600 0.00011549999908311293 40 
15000 0.00012819999938074034 50 
29400 0.0001812999998946907 70 
60000 0.0002455000012560049 100 
960000 0.0014835000001767185 400 
3840000 0.0052794999992329394 800 
13500000 0.03223459999935585 1500 
24000000 0.07020430000011402 2000 
37500000 0.13302499999917927 2500 
150000000 0.7316555999987031 5000 
216000000 1.2173707999991166 6000 
24 0.009315700001025107 2 
150 7.659999937459361e-05 5 
600 2.5800000003073364e-05 10 
2400 5.6999999287654646e-05 20 
9600 0.00011369999992894009 40 
15000 0.00012629999946511816 50 
29400 0.0001799000001483364 70 
60000 0.00024310000117111485 100 
960000 0.0015592999989166856 400 
3840000 0.005986500000290107 800 
13500000 0.0326335999998264 1500 
24000000 0.07164299999931245 2000 
37500000 0.1338525999999547 2500 
150000000 0.7508381999996345 5000 
216000000 1.2149011999990762 6000 
24 0.008862199998475262 2 
150 5.219999911787454e-05 5 
600 2.4000000848900527e-05 10 
2400 5.7199998991563916e-05 20 
9600 0.00013100000069243833 40 
15000 0.0001202000003104331 50 
29400 0.00018369999997958075 70 
60000 0.00024140000095940195 100 
960000 0.0015354999995906837 400 
3840000 0.006228899999769055 800 
13500000 0.03108790000078443 1500 
24000000 0.0683404999999766 2000 
37500000 0.1335655000002589 2500 
150000000 0.7917987000000721 5000 
216000000 1.1659639999998035 6000 
24 0.009649600000557257 2 
150 5.6400000175926834e-05 5 
600 2.640000093379058e-05 10 
2400 5.720000081055332e-05 20 
9600 0.00011299999823677354 40 
15000 0.0001274999995075632 50 
29400 0.0001757000009092735 70 
60000 0.00024559999837947544 100 
960000 0.0015693000004830537 400 
3840000 0.0064599999986967305 800 
13500000 0.03116070000032778 1500 
24000000 0.06965180000042892 2000 
37500000 0.12708019999990938 2500 
150000000 0.7187874000010197 5000 
216000000 1.2082604999995965 6000 
24 0.010034299999460927 2 
150 7.31999989511678e-05 5 
600 3.400000059627928e-05 10 
2400 7.720000030531082e-05 20 
9600 0.00015130000065255444 40 
15000 0.0001351000009890413 50 
29400 0.00020339999900897965 70 
60000 0.00028110000130254775 100 
960000 0.0016859999996086117 400 
3840000 0.006039199999577249 800 
13500000 0.032882199999221484 1500 
24000000 0.07011550000061106 2000 
37500000 0.13125659999968775 2500 
150000000 0.704960500001107 5000 
216000000 1.219975500000146 6000 
24 0.008929899999202462 2 
150 4.400000034365803e-05 5 
600 2.300000051036477e-05 10 
2400 5.720000081055332e-05 20 
9600 0.00011549999908311293 40 
15000 0.00012009999954898376 50 
29400 0.00018280000040249433 70 
60000 0.0002442999993945705 100 
960000 0.0014901000013196608 400 
3840000 0.005919499999436084 800 
13500000 0.0326310000000376 1500 
24000000 0.07216390000030515 2000 
37500000 0.13728970000011032 2500 
150000000 0.7401501000003918 5000 
216000000 1.1333938000007038 6000 
24 0.009022000000186381 2 
150 4.86999997519888e-05 5 
600 2.8100001145503484e-05 10 
2400 6.630000098084565e-05 20 
9600 0.00015170000006037299 40 
15000 0.00014559999908669852 50 
29400 0.00018420000014884863 70 
60000 0.00024929999926825985 100 
960000 0.0014126000005489914 400 
3840000 0.005688400000508409 800 
13500000 0.032361700001274585 1500 
24000000 0.07062570000016422 2000 
37500000 0.13035989999843878 2500 
150000000 0.7825279000007868 5000 
216000000 1.165494700000636 6000 
24 0.009093699998629745 2 
150 7.100000038917642e-05 5 
600 2.559999848017469e-05 10 
2400 5.7199998991563916e-05 20 
9600 0.00012290000086068176 40 
15000 0.0001387999982398469 50 
29400 0.0001838000007410301 70 
60000 0.0002457999999023741 100 
960000 0.0015413000000989996 400 
3840000 0.006221799998456845 800 
13500000 0.0327313999987382 1500 
24000000 0.06924059999983001 2000 
37500000 0.1286197000008542 2500 
150000000 0.7301879999995435 5000 
216000000 1.1593639999991865 6000 
