64 7.999999979801942e-05 2 
400 2.0399998902576044e-05 5 
1600 1.9699999029398896e-05 10 
6400 5.0099999498343095e-05 20 
25600 0.00017560000014782418 40 
40000 0.00013870000111637637 50 
78400 0.00020199999926262535 70 
160000 0.0002799000012601027 100 
2560000 0.0021137000003363937 400 
10240000 0.010400300001492724 800 
36000000 0.06144959999983257 1500 
64000000 0.13481750000028114 2000 
100000000 0.25730060000023514 2500 
400000000 1.624949299999571 5000 
576000000 2.412593900000502 6000 
64 0.019240800000261515 2 
400 6.450000000768341e-05 5 
1600 2.2300000637187622e-05 10 
6400 5.250000140222255e-05 20 
25600 0.0001235999989148695 40 
40000 0.00012600000081874896 50 
78400 0.00019559999964258168 70 
160000 0.0002786999993986683 100 
2560000 0.0023040999985823873 400 
10240000 0.01098920000004 800 
36000000 0.053723699998954544 1500 
64000000 0.12966050000068208 2000 
100000000 0.25484770000002754 2500 
400000000 1.5085686999991594 5000 
576000000 2.4939738000011857 6000 
64 0.02184529999976803 2 
400 7.170000026235357e-05 5 
1600 2.680000034160912e-05 10 
6400 6.179999945743475e-05 20 
25600 0.0001407999989169184 40 
40000 0.00013249999938125256 50 
78400 0.00019120000069960952 70 
160000 0.00028200000087963417 100 
2560000 0.002193700000134413 400 
10240000 0.010597800001050928 800 
36000000 0.05884659999901487 1500 
64000000 0.13179420000051323 2000 
100000000 0.24798049999844807 2500 
400000000 1.5357242999998562 5000 
576000000 2.421039600001677 6000 
64 0.017561000000569038 2 
400 6.460000076913275e-05 5 
1600 2.3999999029911123e-05 10 
6400 4.9500000386615284e-05 20 
25600 0.00013270000090415124 40 
40000 0.00012590000005729962 50 
78400 0.00017189999925903976 70 
160000 0.00028329999986453913 100 
2560000 0.0021261999991111225 400 
10240000 0.010175199999139295 800 
36000000 0.059046400001534494 1500 
64000000 0.12970169999971404 2000 
100000000 0.24519019999934244 2500 
400000000 1.5248561000007612 5000 
576000000 2.517706000000544 6000 
64 0.019524000001183595 2 
400 7.109999933163635e-05 5 
1600 2.2500000341096893e-05 10 
6400 5.070000042906031e-05 20 
25600 0.0001357000001007691 40 
40000 0.0001472000003559515 50 
78400 0.00021120000019436702 70 
160000 0.00029150000045774505 100 
2560000 0.002201499999500811 400 
10240000 0.010212200000751182 800 
36000000 0.06128560000070138 1500 
64000000 0.12633930000083637 2000 
100000000 0.24189680000017688 2500 
400000000 1.5140644999992219 5000 
576000000 2.498200399999405 6000 
64 0.020699200000308338 2 
400 7.090000144671649e-05 5 
1600 2.28000008064555e-05 10 
6400 5.140000030223746e-05 20 
25600 0.00012650000098801684 40 
40000 0.00013100000069243833 50 
78400 0.0001914000004035188 70 
160000 0.0002647000001161359 100 
2560000 0.002079300000332296 400 
10240000 0.010069200001453282 800 
36000000 0.059099699999933364 1500 
64000000 0.13008799999988696 2000 
100000000 0.24159350000081758 2500 
400000000 1.5084796999999526 5000 
576000000 2.5148233999989316 6000 
64 0.01965070000005653 2 
400 6.340000072668772e-05 5 
1600 2.320000021427404e-05 10 
6400 5.020000025979243e-05 20 
25600 0.0001360000005661277 40 
40000 0.0001336999994236976 50 
78400 0.00018789999921864364 70 
160000 0.00027210000007471535 100 
2560000 0.0022233999989111908 400 
10240000 0.010206200000538956 800 
36000000 0.058576400000674766 1500 
64000000 0.12846090000130062 2000 
100000000 0.25046580000162066 2500 
400000000 1.4555899999995745 5000 
576000000 2.4648729999989882 6000 
64 0.02112669999951322 2 
400 7.099999857018702e-05 5 
1600 2.320000021427404e-05 10 
6400 5.109999983687885e-05 20 
25600 0.00013000000035390258 40 
40000 0.00014009999904374126 50 
78400 0.00022259999968810007 70 
160000 0.000282599999991362 100 
2560000 0.0021813000003021443 400 
10240000 0.01109569999971427 800 
36000000 0.05518400000073598 1500 
64000000 0.13100909999957366 2000 
100000000 0.24275920000036422 2500 
400000000 1.4655149999998685 5000 
576000000 2.541913300001397 6000 
64 0.02327779999905033 2 
400 6.70000008540228e-05 5 
1600 2.2599999283556826e-05 10 
6400 5.160000000614673e-05 20 
25600 0.00011559999984456226 40 
40000 0.00013190000026952475 50 
78400 0.00018340000133321155 70 
160000 0.0002755999994406011 100 
2560000 0.002185200000894838 400 
10240000 0.010678900000129943 800 
36000000 0.06169010000121489 1500 
64000000 0.14162049999868032 2000 
100000000 0.25463940000008733 2500 
400000000 1.6326537999993889 5000 
576000000 2.44466040000043 6000 
64 0.02045410000027914 2 
400 7.849999929021578e-05 5 
1600 3.239999932702631e-05 10 
6400 6.750000102329068e-05 20 
25600 0.00015840000014577527 40 
40000 0.00014349999946716707 50 
78400 0.0002069000001938548 70 
160000 0.00029119999999238644 100 
2560000 0.002241600001070765 400 
10240000 0.010182100000747596 800 
36000000 0.06137780000062776 1500 
64000000 0.13234279999960563 2000 
100000000 0.24713040000096953 2500 
400000000 1.5423066999992443 5000 
576000000 2.4941369999996823 6000 
