32 7.110000296961516e-05 2 
200 2.4500001018168405e-05 5 
800 2.2399999579647556e-05 10 
3200 6.550000034621917e-05 20 
12800 0.0001914000022225082 40 
20000 0.00012349999815342017 50 
39200 0.00018310000086785294 70 
80000 0.0002553999984229449 100 
1280000 0.0013911999994888902 400 
5120000 0.00530839999919408 800 
18000000 0.031256099999154685 1500 
32000000 0.07244029999856139 2000 
50000000 0.12868750000052387 2500 
200000000 0.8291964000018197 5000 
288000000 1.3184676000018953 6000 
32 0.009381300002132775 2 
200 6.320000102277845e-05 5 
800 2.7899997803615406e-05 10 
3200 5.9300000430084765e-05 20 
12800 0.00012790000255336054 40 
20000 0.00014430000010179356 50 
39200 0.00019630000315373763 70 
80000 0.00025239999740733765 100 
1280000 0.001406499999575317 400 
5120000 0.005432599999039667 800 
18000000 0.03131139999823063 1500 
32000000 0.0681168000010075 2000 
50000000 0.13636140000016894 2500 
200000000 0.7688326999996207 5000 
288000000 1.2503685999981826 6000 
32 0.009935800000675954 2 
200 7.240000195452012e-05 5 
800 2.719999974942766e-05 10 
3200 5.94000011915341e-05 20 
12800 0.0001376999971398618 40 
20000 0.00014790000204811804 50 
39200 0.00020050000239280052 70 
80000 0.0002567000010458287 100 
1280000 0.0013829999988956843 400 
5120000 0.005658199999743374 800 
18000000 0.030781000001297798 1500 
32000000 0.06754590000127791 2000 
50000000 0.1344223999985843 2500 
200000000 0.765121000000363 5000 
288000000 1.228740700000344 6000 
32 0.009590000001480803 2 
200 6.41999977233354e-05 5 
800 2.6500001695239916e-05 10 
3200 5.860000237589702e-05 20 
12800 0.0001326000019616913 40 
20000 0.00020289999883971177 50 
39200 0.00017420000222045928 70 
80000 0.00023409999994328246 100 
1280000 0.0013767999989795499 400 
5120000 0.005552400001761271 800 
18000000 0.031013700001494726 1500 
32000000 0.06878789999973378 2000 
50000000 0.12661260000095353 2500 
200000000 0.7719641999974556 5000 
288000000 1.2358874000019568 6000 
32 0.009110999999393243 2 
200 4.830000034417026e-05 5 
800 2.4600001779617742e-05 10 
3200 5.729999975301325e-05 20 
12800 0.00011530000119819306 40 
20000 0.00012179999976069666 50 
39200 0.00017160000061267056 70 
80000 0.00023470000087399967 100 
1280000 0.0013145000011718366 400 
5120000 0.005318400002579438 800 
18000000 0.031186100000923034 1500 
32000000 0.06862769999861484 2000 
50000000 0.12697919999845908 2500 
200000000 0.7961759999998321 5000 
288000000 1.2870785000013711 6000 
32 0.010606599997117883 2 
200 9.510000018053688e-05 5 
800 3.5000000934815034e-05 10 
3200 7.049999840091914e-05 20 
12800 0.0001809999994293321 40 
20000 0.00013889999900129624 50 
39200 0.00025290000121458434 70 
80000 0.00029550000181188807 100 
1280000 0.0017185999968205579 400 
5120000 0.00613330000123824 800 
18000000 0.03305089999776101 1500 
32000000 0.07020869999905699 2000 
50000000 0.13431020000280114 2500 
200000000 0.8053149999977904 5000 
288000000 1.294453499998781 6000 
32 0.009284200001275167 2 
200 7.069999992381781e-05 5 
800 2.600000152597204e-05 10 
3200 5.949999831500463e-05 20 
12800 0.00012889999925391749 40 
20000 0.00012849999984609894 50 
39200 0.00017389999993611127 70 
80000 0.00028190000011818483 100 
1280000 0.0014893999978085048 400 
5120000 0.005351800002245 800 
18000000 0.032325600001058774 1500 
32000000 0.07231309999770019 2000 
50000000 0.13499809999848367 2500 
200000000 0.7804713000004995 5000 
288000000 1.3027356000020518 6000 
32 0.010543500000494532 2 
200 9.330000102636404e-05 5 
800 3.360000118846074e-05 10 
3200 6.960000246181153e-05 20 
12800 0.00014290000035543926 40 
20000 0.00013799999942420982 50 
39200 0.0001967999996850267 70 
80000 0.00028250000104890205 100 
1280000 0.0018238999982713722 400 
5120000 0.006036899998434819 800 
18000000 0.03212540000095032 1500 
32000000 0.07056460000239895 2000 
50000000 0.13022640000053798 2500 
200000000 0.8173666000002413 5000 
288000000 1.3495618000015384 6000 
32 0.011246699999901466 2 
200 8.410000009462237e-05 5 
800 3.050000304938294e-05 10 
3200 7.020000339252874e-05 20 
12800 0.0001464000015403144 40 
20000 0.00015250000069499947 50 
39200 0.00020020000010845251 70 
80000 0.00024760000087553635 100 
1280000 0.0014384999994945247 400 
5120000 0.005893000001378823 800 
18000000 0.03209699999933946 1500 
32000000 0.07301830000142218 2000 
50000000 0.13181510000140406 2500 
200000000 0.8106359000012162 5000 
288000000 1.2547072999986995 6000 
32 0.009169100001599872 2 
200 5.65999980608467e-05 5 
800 2.429999949526973e-05 10 
3200 5.869999949936755e-05 20 
12800 0.00011230000018258579 40 
20000 0.0001627000019652769 50 
39200 0.00020279999807826243 70 
80000 0.00024230000053648837 100 
1280000 0.001351700000668643 400 
5120000 0.0053091000008862466 800 
18000000 0.03037600000243401 1500 
32000000 0.0687021999983699 2000 
50000000 0.1293844000028912 2500 
200000000 0.8168157999971299 5000 
288000000 1.2144243000002461 6000 
