32 4.9899999794433825e-05 2 
200 1.3499999113264494e-05 5 
800 3.179999839630909e-05 10 
3200 3.459999970800709e-05 20 
12800 0.0001229999998031417 40 
20000 7.640000148967374e-05 50 
39200 0.00010210000073129777 70 
80000 0.0001685999995970633 100 
1280000 0.0029637999996339204 400 
5120000 0.016220899999098037 800 
18000000 0.07287910000013653 1500 
32000000 0.17647869999927934 2000 
50000000 0.3603194999996049 2500 
200000000 1.74726869999904 5000 
288000000 2.794021800000337 6000 
32 0.008914200001527206 2 
200 2.9599999834317714e-05 5 
800 2.9999999242136255e-05 10 
3200 3.319999996165279e-05 20 
12800 0.0001494999996793922 40 
20000 0.00010780000047816429 50 
39200 0.00010930000098596793 70 
80000 0.00016390000018873252 100 
1280000 0.002802799999699346 400 
5120000 0.018175900000642287 800 
18000000 0.09017940000012459 1500 
32000000 0.1705775000009453 2000 
50000000 0.3074794000003749 2500 
200000000 1.5926775000007183 5000 
288000000 2.8347200000007433 6000 
32 0.00900260000162234 2 
200 3.1600000511389226e-05 5 
800 6.000000030326191e-05 10 
3200 4.579999949783087e-05 20 
12800 0.00011529999937920365 40 
20000 9.079999836103525e-05 50 
39200 0.0001250000004802132 70 
80000 0.00020219999896653462 100 
1280000 0.0034725999994407175 400 
5120000 0.017717099999572383 800 
18000000 0.09029480000026524 1500 
32000000 0.16451990000132355 2000 
50000000 0.32669480000004114 2500 
200000000 1.6054559000003792 5000 
288000000 2.771266399999149 6000 
32 0.0089349999998376 2 
200 3.2899999496294186e-05 5 
800 3.110000034212135e-05 10 
3200 3.3499998608022e-05 20 
12800 0.0001232999984495109 40 
20000 7.360000017797574e-05 50 
39200 0.00010130000009667128 70 
80000 0.0001613000003999332 100 
1280000 0.002817700000377954 400 
5120000 0.014455700000326033 800 
18000000 0.07845040000029257 1500 
32000000 0.19655280000006314 2000 
50000000 0.3110221000006277 2500 
200000000 1.687016699999731 5000 
288000000 2.7220231000010244 6000 
32 0.009015300000100979 2 
200 3.9599999581696466e-05 5 
800 3.3799999073380604e-05 10 
3200 3.570000080799218e-05 20 
12800 0.00011540000014065299 40 
20000 9.450000106880907e-05 50 
39200 0.00012909999895782676 70 
80000 0.00020709999989776406 100 
1280000 0.0036326000008557457 400 
5120000 0.018978899999638088 800 
18000000 0.08103429999937362 1500 
32000000 0.1645948999994289 2000 
50000000 0.3066023999999743 2500 
200000000 1.627086300000883 5000 
288000000 2.7977954000016325 6000 
32 0.008970299999418785 2 
200 3.090000063821208e-05 5 
800 3.169999945384916e-05 10 
3200 3.330000072310213e-05 20 
12800 0.0001432999997632578 40 
20000 7.48999991628807e-05 50 
39200 0.00010119999933522195 70 
80000 0.00016219999997701962 100 
1280000 0.002814899999066256 400 
5120000 0.014504299999316572 800 
18000000 0.08668930000021646 1500 
32000000 0.17599159999917902 2000 
50000000 0.31019609999930253 2500 
200000000 1.7073425999988103 5000 
288000000 2.6746187999997346 6000 
32 0.009812500000407454 2 
200 3.389999983482994e-05 5 
800 3.189999915775843e-05 10 
3200 3.4300001061637886e-05 20 
12800 8.519999937561806e-05 40 
20000 7.329999971261714e-05 50 
39200 0.00010340000153519213 70 
80000 0.00016660000073898118 100 
1280000 0.0031863999993220204 400 
5120000 0.018135500000425964 800 
18000000 0.06973149999976158 1500 
32000000 0.1973193000012543 2000 
50000000 0.3150632000015321 2500 
200000000 1.7294531000006828 5000 
288000000 2.775890699998854 6000 
32 0.009171299998342874 2 
200 3.749999996216502e-05 5 
800 3.090000063821208e-05 10 
3200 3.2899999496294186e-05 20 
12800 0.00011140000060549937 40 
20000 7.499999992433004e-05 50 
39200 0.0001007999999274034 70 
80000 0.0001654999996389961 100 
1280000 0.003082699999140459 400 
5120000 0.01779790000000503 800 
18000000 0.09147080000002461 1500 
32000000 0.18843229999947653 2000 
50000000 0.3198198999998567 2500 
200000000 1.5995593999996345 5000 
288000000 2.7967296999995597 6000 
32 0.00893290000021807 2 
200 2.9299999368959107e-05 5 
800 3.0499999411404133e-05 10 
3200 3.310000101919286e-05 20 
12800 0.00011180000001331791 40 
20000 7.619999996677507e-05 50 
39200 0.00010080000174639281 70 
80000 0.0001666999996814411 100 
1280000 0.003102099999523489 400 
5120000 0.01809780000075989 800 
18000000 0.07930669999950624 1500 
32000000 0.17861740000080317 2000 
50000000 0.33966379999947094 2500 
200000000 1.6564416999990499 5000 
288000000 2.7724123999996664 6000 
32 0.009066399999937858 2 
200 3.879999894706998e-05 5 
800 3.3799999073380604e-05 10 
3200 3.5600000046542846e-05 20 
12800 0.00012480000077630393 40 
20000 7.670000013604295e-05 50 
39200 0.00010440000005473848 70 
80000 0.00017109999862441327 100 
1280000 0.0033385999995516613 400 
5120000 0.016703400000551483 800 
18000000 0.08933450000040466 1500 
32000000 0.18700509999871429 2000 
50000000 0.32160819999990053 2500 
200000000 1.6705085999983567 5000 
288000000 2.6343661999999313 6000 
