64 9.049999789567664e-05 2 
400 2.0799998310394585e-05 5 
1600 1.8799997633323073e-05 10 
6400 6.610000127693638e-05 20 
25600 0.00018989999807672575 40 
40000 0.0001568000006955117 50 
78400 0.0002145000034943223 70 
160000 0.0003222999985155184 100 
2560000 0.0022078999973018654 400 
10240000 0.010617700001603225 800 
36000000 0.06025439999939408 1500 
64000000 0.13237280000248575 2000 
100000000 0.26418399999965914 2500 
400000000 1.5884675000015704 5000 
576000000 2.536874199999147 6000 
64 0.01990029999797116 2 
400 7.220000043162145e-05 5 
1600 2.5400000595254824e-05 10 
6400 5.199999941396527e-05 20 
25600 0.0002719000003708061 40 
40000 0.00013269999908516183 50 
78400 0.00018339999951422215 70 
160000 0.0002652000002854038 100 
2560000 0.0021557999971264508 400 
10240000 0.011043399998015957 800 
36000000 0.060067300000810064 1500 
64000000 0.12885100000130478 2000 
100000000 0.24907990000065183 2500 
400000000 1.4485521999995399 5000 
576000000 2.4249025999997684 6000 
64 0.022258100001636194 2 
400 7.410000034724362e-05 5 
1600 2.7400001272326335e-05 10 
6400 6.159999975352548e-05 20 
25600 0.0001494999996793922 40 
40000 0.00012599999899975955 50 
78400 0.00018490000002202578 70 
160000 0.000276099999609869 100 
2560000 0.0021726999984821305 400 
10240000 0.010934499998256797 800 
36000000 0.05864379999911762 1500 
64000000 0.12667309999960708 2000 
100000000 0.23775970000133384 2500 
400000000 1.5165534000007028 5000 
576000000 2.4306184999986726 6000 
64 0.01964379999844823 2 
400 6.460000076913275e-05 5 
1600 2.2000000171829015e-05 10 
6400 5.070000042906031e-05 20 
25600 0.00013240000043879263 40 
40000 0.0001244000013684854 50 
78400 0.00018009999985224567 70 
160000 0.00026620000062393956 100 
2560000 0.0021011999997426756 400 
10240000 0.010325999999622582 800 
36000000 0.058100100002775434 1500 
64000000 0.13157329999739886 2000 
100000000 0.24011460000110674 2500 
400000000 1.427188000001479 5000 
576000000 2.3779092999975546 6000 
64 0.021869000000151573 2 
400 7.339999865507707e-05 5 
1600 2.7300000510876998e-05 10 
6400 5.949999831500463e-05 20 
25600 0.00015129999883356504 40 
40000 0.00012399999832268804 50 
78400 0.00018139999883715063 70 
160000 0.00026509999952395447 100 
2560000 0.0021486000005097594 400 
10240000 0.01079329999993206 800 
36000000 0.05942080000022543 1500 
64000000 0.13099330000113696 2000 
100000000 0.2433764000015799 2500 
400000000 1.5738463000016054 5000 
576000000 2.4538117999982205 6000 
64 0.01949109999986831 2 
400 6.690000009257346e-05 5 
1600 2.2000000171829015e-05 10 
6400 5.109999983687885e-05 20 
25600 0.00011660000018309802 40 
40000 0.00012520000018412247 50 
78400 0.0001866000020527281 70 
160000 0.0002647000001161359 100 
2560000 0.0021529000005102716 400 
10240000 0.010737199998402502 800 
36000000 0.05946340000082273 1500 
64000000 0.12997859999813954 2000 
100000000 0.26013869999951567 2500 
400000000 1.541518800000631 5000 
576000000 2.694686599999841 6000 
64 0.021227699999144534 2 
400 9.059999865712598e-05 5 
1600 2.8599999495781958e-05 10 
6400 5.439999949885532e-05 20 
25600 0.00013000000035390258 40 
40000 0.00012789999891538173 50 
78400 0.00018619999900693074 70 
160000 0.0002840000015567057 100 
2560000 0.002231700000265846 400 
10240000 0.010638299998390721 800 
36000000 0.06196270000145887 1500 
64000000 0.13442469999790774 2000 
100000000 0.24652470000000903 2500 
400000000 1.513145099997928 5000 
576000000 2.5884435000007215 6000 
64 0.0193048999972234 2 
400 6.56000011076685e-05 5 
1600 2.1900003048358485e-05 10 
6400 4.9700000090524554e-05 20 
25600 0.00013190000026952475 40 
40000 0.00030340000012074597 50 
78400 0.000185500000952743 70 
160000 0.0002877000006265007 100 
2560000 0.0021139000018592924 400 
10240000 0.010454999999637948 800 
36000000 0.0633081999985734 1500 
64000000 0.14292810000188183 2000 
100000000 0.25446979999833275 2500 
400000000 1.5756020000007993 5000 
576000000 2.6678736000030767 6000 
64 0.01988789999813889 2 
400 8.010000237845816e-05 5 
1600 3.719999949680641e-05 10 
6400 6.920000305399299e-05 20 
25600 0.0001542999998491723 40 
40000 0.00014379999993252568 50 
78400 0.0002142000012099743 70 
160000 0.00029709999944316223 100 
2560000 0.00225759999739239 400 
10240000 0.010882900001888629 800 
36000000 0.061986100001377054 1500 
64000000 0.13310650000130408 2000 
100000000 0.2342880999967747 2500 
400000000 1.4680654000003415 5000 
576000000 2.3796717999975954 6000 
64 0.01900730000124895 2 
400 6.550000034621917e-05 5 
1600 2.849999873433262e-05 10 
6400 6.009999924572185e-05 20 
25600 0.00014770000052521937 40 
40000 0.00013039999976172112 50 
78400 0.00019179999799234793 70 
160000 0.0002634999982547015 100 
2560000 0.0020442000022740103 400 
10240000 0.010818599999765866 800 
36000000 0.06105329999991227 1500 
64000000 0.13277179999931832 2000 
100000000 0.24092730000120355 2500 
400000000 1.5049281999999948 5000 
576000000 2.580663299999287 6000 
