64 8.069999967119657e-05 2 
400 2.099999983329326e-05 5 
1600 1.9500002963468432e-05 10 
6400 5.0499998906161636e-05 20 
25600 0.00017940000179805793 40 
40000 0.00014680000094813295 50 
78400 0.00025739999910001643 70 
160000 0.00034610000147949904 100 
2560000 0.002425399998173816 400 
10240000 0.010588900000584545 800 
36000000 0.0608834000013303 1500 
64000000 0.1354232999983651 2000 
100000000 0.2489629999981844 2500 
400000000 1.485480600000301 5000 
576000000 2.520770500002982 6000 
64 0.02081000000180211 2 
400 7.230000119307078e-05 5 
1600 2.2599997464567423e-05 10 
6400 4.999999873689376e-05 20 
25600 0.00011509999967529438 40 
40000 0.00012209999840706587 50 
78400 0.00019009999959962443 70 
160000 0.00027269999918644316 100 
2560000 0.002163799999834737 400 
10240000 0.010342499997932464 800 
36000000 0.06044500000280095 1500 
64000000 0.1324996999974246 2000 
100000000 0.24305330000061076 2500 
400000000 1.4390753000006953 5000 
576000000 2.542038399999001 6000 
64 0.018654500003322028 2 
400 6.839999696239829e-05 5 
1600 2.3100001271814108e-05 10 
6400 4.859999899053946e-05 20 
25600 0.0001384999995934777 40 
40000 0.0001443999972252641 50 
78400 0.00018940000154543668 70 
160000 0.0003029999970749486 100 
2560000 0.0021933999996690545 400 
10240000 0.010161099999095313 800 
36000000 0.06164540000099805 1500 
64000000 0.13169770000240533 2000 
100000000 0.23099579999689013 2500 
400000000 1.4572011999989627 5000 
576000000 2.4496005000000878 6000 
64 0.020582900000590598 2 
400 7.969999933266081e-05 5 
1600 2.930000118794851e-05 10 
6400 5.9699999837903306e-05 20 
25600 0.00014740000187885016 40 
40000 0.00012409999908413738 50 
78400 0.00018770000315271318 70 
160000 0.0002638000005390495 100 
2560000 0.0021897000005992595 400 
10240000 0.010616100000333972 800 
36000000 0.059002600002713734 1500 
64000000 0.1292570000005071 2000 
100000000 0.24379659999976866 2500 
400000000 1.4880305000006047 5000 
576000000 2.4571495999989565 6000 
64 0.020976199997676304 2 
400 7.810000170138665e-05 5 
1600 2.7800000680144876e-05 10 
6400 6.230000144569203e-05 20 
25600 0.0001326000019616913 40 
40000 0.0001247000000148546 50 
78400 0.0001953999999386724 70 
160000 0.00026140000045415945 100 
2560000 0.0021496999979717657 400 
10240000 0.01058019999982207 800 
36000000 0.05869979999988573 1500 
64000000 0.13085940000019036 2000 
100000000 0.24123619999954826 2500 
400000000 1.498151499999949 5000 
576000000 2.4304178999991564 6000 
64 0.020586200000252575 2 
400 7.289999848580919e-05 5 
1600 2.600000152597204e-05 10 
6400 6.009999924572185e-05 20 
25600 0.00014279999959398992 40 
40000 0.00014899999951012433 50 
78400 0.00020700000095530413 70 
160000 0.0002767999976640567 100 
2560000 0.002256600000691833 400 
10240000 0.010504800000489922 800 
36000000 0.05978010000035283 1500 
64000000 0.12836740000057034 2000 
100000000 0.24351690000185044 2500 
400000000 1.5177468000001682 5000 
576000000 2.4937776000006124 6000 
64 0.01972139999998035 2 
400 6.450000000768341e-05 5 
1600 2.1600000764010474e-05 10 
6400 5.0099999498343095e-05 20 
25600 0.000130899999930989 40 
40000 0.00012140000035287812 50 
78400 0.0001816000003600493 70 
160000 0.00026509999952395447 100 
2560000 0.002189300001191441 400 
10240000 0.010247999998682644 800 
36000000 0.056871299999329494 1500 
64000000 0.13207099999999627 2000 
100000000 0.2405840999999782 2500 
400000000 1.4633542999981728 5000 
576000000 2.3919652000004135 6000 
64 0.019186900000931928 2 
400 6.860000212327577e-05 5 
1600 2.3199998395284638e-05 10 
6400 5.0000002374872565e-05 20 
25600 0.00021489999926416203 40 
40000 0.0001373999984934926 50 
78400 0.0002792999985103961 70 
160000 0.0002991999972437043 100 
2560000 0.0021386000007623807 400 
10240000 0.010416299999633338 800 
36000000 0.058848000000580214 1500 
64000000 0.1360778999987815 2000 
100000000 0.25229870000111987 2500 
400000000 1.4074036000019987 5000 
576000000 2.493286300003092 6000 
64 0.02034579999963171 2 
400 6.679999933112413e-05 5 
1600 2.3299999156733975e-05 10 
6400 5.0099999498343095e-05 20 
25600 0.00021360000027925707 40 
40000 0.00019240000256104395 50 
78400 0.0001933999992616009 70 
160000 0.0008870000019669533 100 
2560000 0.0021709000029659364 400 
10240000 0.010101600000780309 800 
36000000 0.058110199999646284 1500 
64000000 0.13090480000028037 2000 
100000000 0.24399070000072243 2500 
400000000 1.4819203000006382 5000 
576000000 2.505878899999516 6000 
64 0.019688500000484055 2 
400 6.41999977233354e-05 5 
1600 2.0899999071843922e-05 10 
6400 4.980000085197389e-05 20 
25600 0.00013549999857787043 40 
40000 0.00012969999806955457 50 
78400 0.00019409999731578864 70 
160000 0.0002756000030785799 100 
2560000 0.002226100001280429 400 
10240000 0.010599400000501191 800 
36000000 0.058642399999371264 1500 
64000000 0.128108599998086 2000 
100000000 0.2489607999996224 2500 
400000000 1.4781452999995963 5000 
576000000 2.47154849999788 6000 
