32 7.15000005584443e-05 2 
200 2.4200000552809797e-05 5 
800 2.2700000045006163e-05 10 
3200 5.7499999456922524e-05 20 
12800 0.00015979999989212956 40 
20000 0.00014850000115984585 50 
39200 0.00019360000078449957 70 
80000 0.00025289999939559493 100 
1280000 0.0013736000000790227 400 
5120000 0.0055946000011317665 800 
18000000 0.03086760000041977 1500 
32000000 0.06837459999951534 2000 
50000000 0.12449680000099761 2500 
200000000 0.7785288000013679 5000 
288000000 1.188033099999302 6000 
32 0.010233599999992293 2 
200 6.159999975352548e-05 5 
800 2.8000000384054147e-05 10 
3200 7.340000047406647e-05 20 
12800 0.0001467000001866836 40 
20000 0.00013840000065101776 50 
39200 0.00019739999879675452 70 
80000 0.00024910000138334 100 
1280000 0.0013235999995231396 400 
5120000 0.00546570000005886 800 
18000000 0.03387260000090464 1500 
32000000 0.06906869999875198 2000 
50000000 0.12910879999981262 2500 
200000000 0.7676091999983328 5000 
288000000 1.2393033999996987 6000 
32 0.009933100000125705 2 
200 5.980000059935264e-05 5 
800 2.530000165279489e-05 10 
3200 5.710000004910398e-05 20 
12800 0.00013099999887344893 40 
20000 0.00011900000026798807 50 
39200 0.00017209999896294903 70 
80000 0.00023230000078910962 100 
1280000 0.0012919999990117503 400 
5120000 0.0053805999996257015 800 
18000000 0.030544699999154545 1500 
32000000 0.06911159999981464 2000 
50000000 0.12655389999963518 2500 
200000000 0.7848756999992474 5000 
288000000 1.1897451000004367 6000 
32 0.009502300001258845 2 
200 0.00010409999958937988 5 
800 3.5200000638724305e-05 10 
3200 9.470000077271834e-05 20 
12800 0.00014460000056715216 40 
20000 0.00013349999971978832 50 
39200 0.000182699999641045 70 
80000 0.0002347999998164596 100 
1280000 0.0013331000009202398 400 
5120000 0.0055938999994396 800 
18000000 0.029888900000514695 1500 
32000000 0.06202639999901294 2000 
50000000 0.12450199999875622 2500 
200000000 0.777430899999672 5000 
288000000 1.244912200001636 6000 
32 0.009816100000534789 2 
200 6.53000006423099e-05 5 
800 2.6499999876250513e-05 10 
3200 5.9100000726175494e-05 20 
12800 0.00012830000014218967 40 
20000 0.0001430000011168886 50 
39200 0.0001965000010386575 70 
80000 0.0002554000002419343 100 
1280000 0.0013010999991820427 400 
5120000 0.005448199999591452 800 
18000000 0.030029099998500897 1500 
32000000 0.0677709000010509 2000 
50000000 0.12887030000092636 2500 
200000000 0.7707225000012841 5000 
288000000 1.1611308999999892 6000 
32 0.009943300001395983 2 
200 6.469999971159268e-05 5 
800 2.719999974942766e-05 10 
3200 5.9500000133994035e-05 20 
12800 0.00012830000014218967 40 
20000 0.00014319999900180846 50 
39200 0.0001950999994733138 70 
80000 0.000248799999098992 100 
1280000 0.0012980999999854248 400 
5120000 0.005364500000723638 800 
18000000 0.030600200001572375 1500 
32000000 0.07047410000086529 2000 
50000000 0.13246520000029705 2500 
200000000 0.7502611999989313 5000 
288000000 1.2124006000012741 6000 
32 0.010081299999001203 2 
200 6.849999954283703e-05 5 
800 2.6399999114801176e-05 10 
3200 5.839999903400894e-05 20 
12800 0.00012070000047970098 40 
20000 0.00013770000077784061 50 
39200 0.0002043999993475154 70 
80000 0.00024250000024039764 100 
1280000 0.0012901999998575775 400 
5120000 0.00563749999855645 800 
18000000 0.027655599998979596 1500 
32000000 0.06683180000072753 2000 
50000000 0.12410959999942861 2500 
200000000 0.7990325999999186 5000 
288000000 1.204766799999561 6000 
32 0.01024429999961285 2 
200 7.980000009411015e-05 5 
800 3.670000114652794e-05 10 
3200 7.560000085504726e-05 20 
12800 0.0001640999998926418 40 
20000 0.00015859999984968454 50 
39200 0.00020279999989725184 70 
80000 0.00026190000062342733 100 
1280000 0.0013046999993093777 400 
5120000 0.005429500000900589 800 
18000000 0.03007909999905678 1500 
32000000 0.06738049999876239 2000 
50000000 0.12925410000025295 2500 
200000000 0.7349712999985059 5000 
288000000 1.2327363999993395 6000 
32 0.009243799999239855 2 
200 6.1100001403247e-05 5 
800 2.570000106061343e-05 10 
3200 5.779999992228113e-05 20 
12800 0.00012090000018361025 40 
20000 0.00012130000141041819 50 
39200 0.00018180000006395858 70 
80000 0.00023409999994328246 100 
1280000 0.0012372000001050765 400 
5120000 0.0054466000001411885 800 
18000000 0.030421400000705034 1500 
32000000 0.06663159999880008 2000 
50000000 0.12994590000016615 2500 
200000000 0.7578155999999581 5000 
288000000 1.1744667999992089 6000 
32 0.009223400000337278 2 
200 6.359999861160759e-05 5 
800 2.479999966453761e-05 10 
3200 5.779999992228113e-05 20 
12800 0.00013379999836615752 40 
20000 0.00012650000098801684 50 
39200 0.0001799000001483364 70 
80000 0.00023220000002766028 100 
1280000 0.0013246999988041352 400 
5120000 0.005283600001348532 800 
18000000 0.03042490000007092 1500 
32000000 0.07081600000128674 2000 
50000000 0.13223370000014256 2500 
200000000 0.7044303000002401 5000 
288000000 1.17676290000054 6000 
