64 0.00013439999747788534 2 
400 3.300000025774352e-05 5 
1600 3.199999991920777e-05 10 
6400 0.00011340000128257088 20 
25600 0.00026480000087758526 40 
40000 0.0002303000001120381 50 
78400 0.00030279999919002876 70 
160000 0.0004503999989537988 100 
2560000 0.0027402999985497445 400 
10240000 0.011057499999878928 800 
36000000 0.059854499999346444 1500 
64000000 0.13086359999942943 2000 
100000000 0.24710369999957038 2500 
400000000 1.5465273000008892 5000 
576000000 2.6276168000003963 6000 
64 0.019430299998930423 2 
400 8.009999874047935e-05 5 
1600 3.68999972124584e-05 10 
6400 6.55999974696897e-05 20 
25600 0.00015639999764971435 40 
40000 0.0001512000017100945 50 
78400 0.00021719999858760275 70 
160000 0.0002902000014728401 100 
2560000 0.0022396000022126827 400 
10240000 0.01067690000127186 800 
36000000 0.05883760000142502 1500 
64000000 0.13523519999944256 2000 
100000000 0.23621510000157286 2500 
400000000 1.4803691999986768 5000 
576000000 2.450814200001332 6000 
64 0.021069300000817748 2 
400 7.369999730144627e-05 5 
1600 2.970000059576705e-05 10 
6400 6.629999916185625e-05 20 
25600 0.00014849999934085645 40 
40000 0.00014030000238562934 50 
78400 0.00022560000070370734 70 
160000 0.0002930000009655487 100 
2560000 0.0021673999981430825 400 
10240000 0.010501200002181577 800 
36000000 0.057314000001497334 1500 
64000000 0.1312885000006645 2000 
100000000 0.23491510000167182 2500 
400000000 1.5400623999994423 5000 
576000000 2.518306300000404 6000 
64 0.020283200003177626 2 
400 7.410000034724362e-05 5 
1600 2.769999991869554e-05 10 
6400 5.9300000430084765e-05 20 
25600 0.00015319999874918722 40 
40000 0.00013559999933931977 50 
78400 0.00018360000103712082 70 
160000 0.000279799998679664 100 
2560000 0.002222500002972083 400 
10240000 0.009038300002430333 800 
36000000 0.058030399999552174 1500 
64000000 0.12482879999879515 2000 
100000000 0.24928709999949206 2500 
400000000 1.510760900000605 5000 
576000000 2.415551099998993 6000 
64 0.020786600001883926 2 
400 6.7299999500392e-05 5 
1600 2.2000000171829015e-05 10 
6400 5.239999882178381e-05 20 
25600 0.00013749999925494194 40 
40000 0.00013069999840809032 50 
78400 0.00020510000103968196 70 
160000 0.000287199996819254 100 
2560000 0.0022140000000945292 400 
10240000 0.010472700003447244 800 
36000000 0.057323100001667626 1500 
64000000 0.12852320000092732 2000 
100000000 0.2351185000006808 2500 
400000000 1.5423436000019137 5000 
576000000 2.4823933000006946 6000 
64 0.020866700000624405 2 
400 7.299999924725853e-05 5 
1600 2.42000023717992e-05 10 
6400 5.210000017541461e-05 20 
25600 0.0001350999991700519 40 
40000 0.00012379999679978937 50 
78400 0.00018849999833037145 70 
160000 0.00025999999706982635 100 
2560000 0.0021343000007618684 400 
10240000 0.010494400001334725 800 
36000000 0.05593059999955585 1500 
64000000 0.12874409999858472 2000 
100000000 0.23326530000122148 2500 
400000000 1.4488720999979705 5000 
576000000 2.4576263000017207 6000 
64 0.01939209999909508 2 
400 6.70000008540228e-05 5 
1600 2.260000110254623e-05 10 
6400 5.029999738326296e-05 20 
25600 0.00013639999815495685 40 
40000 0.00012689999857684597 50 
78400 0.00018140000247512944 70 
160000 0.00026160000197705813 100 
2560000 0.00208569999813335 400 
10240000 0.010338000000047032 800 
36000000 0.0600217999999586 1500 
64000000 0.12747309999758727 2000 
100000000 0.23467969999910565 2500 
400000000 1.5104203000009875 5000 
576000000 2.4018628999983775 6000 
64 0.019138999999995576 2 
400 6.990000110818073e-05 5 
1600 2.4000000848900527e-05 10 
6400 5.109999983687885e-05 20 
25600 0.00012100000094505958 40 
40000 0.00012069999866071157 50 
78400 0.00018110000019078143 70 
160000 0.00026219999926979654 100 
2560000 0.0021319000006769784 400 
10240000 0.01051769999685348 800 
36000000 0.06037559999822406 1500 
64000000 0.12753259999954025 2000 
100000000 0.23754189999817754 2500 
400000000 1.4565929000018514 5000 
576000000 2.458634799997526 6000 
64 0.022062300002289703 2 
400 7.360000017797574e-05 5 
1600 2.6399997295811772e-05 10 
6400 6.0900001699337736e-05 20 
25600 0.00014799999917158857 40 
40000 0.0001325999983237125 50 
78400 0.0001903000011225231 70 
160000 0.0002620999985083472 100 
2560000 0.00226459999976214 400 
10240000 0.010494899997866014 800 
36000000 0.061015399998723296 1500 
64000000 0.13042679999853135 2000 
100000000 0.24486030000116443 2500 
400000000 1.5335945000006177 5000 
576000000 2.442836399997759 6000 
64 0.019763000000239117 2 
400 7.239999831654131e-05 5 
1600 2.4099997972371057e-05 10 
6400 5.020000025979243e-05 20 
25600 0.00013010000111535192 40 
40000 0.0001464000015403144 50 
78400 0.0001894999986689072 70 
160000 0.0002783999989333097 100 
2560000 0.002174700002797181 400 
10240000 0.01069419999839738 800 
36000000 0.05920049999986077 1500 
64000000 0.13090939999892726 2000 
100000000 0.2378355000000738 2500 
400000000 1.5305253000005905 5000 
576000000 2.406517800001893 6000 
