64 3.5099998058285564e-05 2 
400 1.0900002962443978e-05 5 
1600 4.9299997044727206e-05 10 
6400 3.2400002965005115e-05 20 
25600 0.000136500002554385 40 
40000 6.690000009257346e-05 50 
78400 9.090000094147399e-05 70 
160000 0.00015159999747993425 100 
2560000 0.0020968999997421633 400 
10240000 0.011593100000027334 800 
36000000 0.0767734000000928 1500 
64000000 0.18879890000243904 2000 
100000000 0.32527010000194423 2500 
400000000 1.558408100001543 5000 
576000000 2.6914551999980176 6000 
64 0.01945049999994808 2 
400 4.020000051241368e-05 5 
1600 3.4500000765547156e-05 10 
6400 3.189999915775843e-05 20 
25600 0.00013519999993150122 40 
40000 6.779999966965988e-05 50 
78400 9.440000212634914e-05 70 
160000 0.00015390000044135377 100 
2560000 0.0023978999997780193 400 
10240000 0.016040399998018984 800 
36000000 0.07904649999909452 1500 
64000000 0.1800677999999607 2000 
100000000 0.2787253000024066 2500 
400000000 1.678173299998889 5000 
576000000 2.6814210999982606 6000 
64 0.020122399997489993 2 
400 4.030000127386302e-05 5 
1600 2.760000279522501e-05 10 
6400 3.110000034212135e-05 20 
25600 0.00011520000043674372 40 
40000 6.84000006003771e-05 50 
78400 9.439999848837033e-05 70 
160000 0.00015210000128718093 100 
2560000 0.0025248999991163146 400 
10240000 0.015299500002583954 800 
36000000 0.08537780000187922 1500 
64000000 0.18315049999728217 2000 
100000000 0.28668110000216984 2500 
400000000 1.501165800000308 5000 
576000000 2.6121112999971956 6000 
64 0.022060600000259 2 
400 4.5099997805664316e-05 5 
1600 2.9499999072868377e-05 10 
6400 3.149999974993989e-05 20 
25600 0.00012010000136797316 40 
40000 7.330000153160654e-05 50 
78400 0.0001007999999274034 70 
160000 0.00015580000035697594 100 
2560000 0.002569000000221422 400 
10240000 0.015204400002403418 800 
36000000 0.08372260000032838 1500 
64000000 0.16392410000116797 2000 
100000000 0.2958456999986083 2500 
400000000 1.5744749000004958 5000 
576000000 2.7062291000002006 6000 
64 0.022113699997134972 2 
400 3.760000254260376e-05 5 
1600 2.7099998987978324e-05 10 
6400 3.1299998227041215e-05 20 
25600 9.199999840348028e-05 40 
40000 7.399999958579428e-05 50 
78400 0.00010480000128154643 70 
160000 0.00016030000188038684 100 
2560000 0.0026099999995494727 400 
10240000 0.01467929999853368 800 
36000000 0.07988290000139386 1500 
64000000 0.17561410000053002 2000 
100000000 0.30132460000095307 2500 
400000000 1.6804786000029708 5000 
576000000 2.6983811000027345 6000 
64 0.02190369999880204 2 
400 3.609999839682132e-05 5 
1600 2.7599999157246202e-05 10 
6400 3.099999958067201e-05 20 
25600 0.00011000000085914508 40 
40000 7.439999899361283e-05 50 
78400 9.370000043418258e-05 70 
160000 0.00015460000213352032 100 
2560000 0.0025390999981027562 400 
10240000 0.01625159999821335 800 
36000000 0.08555490000071586 1500 
64000000 0.18801069999972242 2000 
100000000 0.28161509999699774 2500 
400000000 1.5950216999990516 5000 
576000000 2.7279335999992327 6000 
64 0.020985000002838206 2 
400 3.9999998989515007e-05 5 
1600 2.809999932651408e-05 10 
6400 3.1600000511389226e-05 20 
25600 9.159999899566174e-05 40 
40000 7.510000068577938e-05 50 
78400 9.549999958835542e-05 70 
160000 0.00018990000171470456 100 
2560000 0.0029341999979806133 400 
10240000 0.015522000001510605 800 
36000000 0.0850057999996352 1500 
64000000 0.1907537000006414 2000 
100000000 0.28724030000012135 2500 
400000000 1.5979482000002463 5000 
576000000 2.7487639999999374 6000 
64 0.019895800000085728 2 
400 3.6299999919719994e-05 5 
1600 2.8200000087963417e-05 10 
6400 3.220000144210644e-05 20 
25600 8.180000077118166e-05 40 
40000 6.930000017746352e-05 50 
78400 9.569999747327529e-05 70 
160000 0.0001542999998491723 100 
2560000 0.0025783999990380835 400 
10240000 0.015019700000266312 800 
36000000 0.08560020000004442 1500 
64000000 0.18761740000263671 2000 
100000000 0.2896794000007503 2500 
400000000 1.6070571999989625 5000 
576000000 2.7984386999996786 6000 
64 0.021733400000812253 2 
400 4.439999975147657e-05 5 
1600 3.119999746559188e-05 10 
6400 3.840000135824084e-05 20 
25600 0.00015020000137155876 40 
40000 8.450000314041972e-05 50 
78400 0.00011520000043674372 70 
160000 0.00019090000205324031 100 
2560000 0.0027895999992324505 400 
10240000 0.01625840000269818 800 
36000000 0.07411549999960698 1500 
64000000 0.1590665000003355 2000 
100000000 0.29402249999839114 2500 
400000000 1.6653855999975349 5000 
576000000 2.807829199999105 6000 
64 0.019922699997550808 2 
400 3.680000008898787e-05 5 
1600 2.8300000849412754e-05 10 
6400 3.149999974993989e-05 20 
25600 0.00010659999679774046 40 
40000 6.86999992467463e-05 50 
78400 0.00011660000018309802 70 
160000 0.0001588000013725832 100 
2560000 0.002588100000139093 400 
10240000 0.014669899999717018 800 
36000000 0.08531710000170278 1500 
64000000 0.1891844999991008 2000 
100000000 0.28663220000089495 2500 
400000000 1.593913500000781 5000 
576000000 2.7540215000008175 6000 
