0.013942999999926542 0.010154399999919406 2 
0.0007160999998632178 0.0009812000000692933 5 
0.000614499999983309 0.0016388999999890075 10 
0.0006144000001313543 0.003002299999934621 20 
0.0006198000000949833 0.005703099999891492 40 
0.0006385000001500885 0.00709629999983008 50 
0.0006326000000171916 0.011217699999860997 80 
0.000623199999836288 0.013751600000205144 100 
0.0006295000000591244 0.020876199999975142 150 
0.0006395999998858315 0.028007300000126634 200 
0.0006626000001688226 0.04389609999998356 300 
0.0007279999999809661 0.07765829999993912 500 
0.0007508999999572552 0.17887599999994563 1000 
0.0008641000001716748 0.4449889999998504 2000 
0.0009829999999055872 0.9023217000001296 3000 
0.0011934000001474487 1.4666870999999446 4000 
0.0012646000000131608 2.45370899999989 5000 
0.001421800000116491 3.377053700000033 6000 
0.0011902000001100532 0.03126279999992221 2 
0.0007448999999724037 0.0009786000000531203 5 
0.000591099999837752 0.001601600000185499 10 
0.0005937999999332533 0.0029652999999143503 20 
0.0006040000000666623 0.005755299999918861 40 
0.0006145999998352636 0.007015200000068944 50 
0.0006370999999489868 0.011102299999947718 80 
0.0006397000001925335 0.013964799999939714 100 
0.0006826999999702821 0.02158640000016021 150 
0.0006885000000238506 0.02873690000001261 200 
0.0006978000001254259 0.04424169999992955 300 
0.0007189000000380474 0.07771619999994073 500 
0.0009104999999181018 0.1879590000000917 1000 
0.00093179999998938 0.4476455999999871 2000 
0.0009179000001040549 0.8948006000000532 3000 
0.0012351000000307977 1.4949259999998503 4000 
0.001263500000050044 2.4171475000000555 5000 
0.0013518000000658503 3.3510369000000537 6000 
0.0007726999999704276 0.030664999999999054 2 
0.0007645000000593427 0.0009795999999369087 5 
0.0006002000000080443 0.0018482999998923333 10 
0.0007779000000027736 0.003091399999902933 20 
0.0007811000000401691 0.0062697999999272724 40 
0.0006131999998615356 0.00705799999991541 50 
0.0006161999999676482 0.011131299999988187 80 
0.0006564999998772691 0.014063400000168258 100 
0.0006693999998788058 0.021339099999977407 150 
0.0006685000000743457 0.028757599999835293 200 
0.0006795999997848412 0.044158900000184076 300 
0.0006937000000561966 0.07761980000009316 500 
0.0007426000001942157 0.1766110999999455 1000 
0.000868400000172187 0.4434650999999121 2000 
0.0012044000000059896 0.8889312999999675 3000 
0.0013215000001309818 1.474623099999917 4000 
0.0012408999998569925 2.380230200000142 5000 
0.0012841000000207714 3.3569122000001244 6000 
0.0007981000001109351 0.030489600000009887 2 
0.0007642000000487315 0.0010162999999465683 5 
0.0006148999998458748 0.0016710000002149172 10 
0.0006181999999625987 0.0030447999999978492 20 
0.0006203999998888321 0.005753400000003239 40 
0.0006375000000389264 0.0071259999999711 50 
0.0006292000000485132 0.011194599999953425 80 
0.0006413000000975444 0.013971599999877071 100 
0.000638999999864609 0.0210388000000421 150 
0.0006453999999394 0.028445800000099553 200 
0.0007142000001749693 0.043952199999921504 300 
0.0006913999998232612 0.07786870000018098 500 
0.0007458000000042375 0.1779793000000609 1000 
0.0008906999998998799 0.448977799999966 2000 
0.0010141000000203348 0.8948668999998972 3000 
0.0012980999999854248 1.4713873999999123 4000 
0.0012276999998448446 2.3841247000000294 5000 
0.001269900000124835 3.371984899999916 6000 
0.0007771000000502681 0.03073909999989155 2 
0.0007453000000623433 0.0009900999998535553 5 
0.000602500000013606 0.0016691000000719214 10 
0.0006006999999499385 0.002967399999988629 20 
0.0006061000001409411 0.0057781999998951505 40 
0.0006134999998721469 0.006958900000199719 50 
0.000614499999983309 0.011205200000176774 80 
0.00065719999997782 0.014328900000009526 100 
0.0006616000000576605 0.021071000000119966 150 
0.0006574999999884312 0.028608300000087183 200 
0.0006648999999470107 0.04424810000000434 300 
0.0007015999999566702 0.07659030000013445 500 
0.0007441999998718529 0.17842600000017228 1000 
0.0008645000000342407 0.4472604999998566 2000 
0.0009973999999601801 0.8930907999999818 3000 
0.0012540000000171858 1.4753873999998177 4000 
0.0013515999999071937 2.4098235000001296 5000 
0.0012662999999975 3.332317299999886 6000 
0.000769699999864315 0.03160090000005766 2 
0.0007527999998728774 0.0009754000000157248 5 
0.000598699999954988 0.0015915000001314183 10 
0.000596299999870098 0.002940300000091156 20 
0.0005962000000181433 0.005534899999929621 40 
0.0005983000000924221 0.006901399999833302 50 
0.0006087000001571141 0.011142699999936667 80 
0.0006244000001061067 0.0140796999999111 100 
0.0006697000001167908 0.021176400000058493 150 
0.0006665000000793952 0.02866619999986142 200 
0.0006842000000233384 0.044153800000003685 300 
0.0006870999998227489 0.07681000000002314 500 
0.0007329999998546555 0.17951240000002144 1000 
0.000983500000074855 0.4552076999998462 2000 
0.0010259000000587548 0.8731522999999015 3000 
0.0012651000001824286 1.477815999999848 4000 
0.0013349000000744127 2.4365095999999085 5000 
0.0014171000000260392 3.322280899999896 6000 
0.0011392999999770836 0.030431799999860232 2 
0.0007440000001679437 0.0009747999999945023 5 
0.0005897000000913977 0.0016069999999217544 10 
0.0005903000001126202 0.002900599999975384 20 
0.0005974000000605884 0.0056512999999540625 40 
0.000607700000045952 0.0068464000000858505 50 
0.0006103999999140797 0.010974800000212781 80 
0.0006163999998989311 0.014179600000034043 100 
0.0006636999999045656 0.02222070000016174 150 
0.0006668000000900065 0.02797680000003311 200 
0.0006589000001895329 0.043911799999932555 300 
0.0007047000001421111 0.07791279999992184 500 
0.000755400000116424 0.17662949999999 1000 
0.0008780000000569999 0.4405853000000661 2000 
0.000992900000028385 0.9014185999999427 3000 
0.0016340000001946464 1.461768199999824 4000 
0.0012491999998474057 2.464750200000026 5000 
0.0013023000001339824 3.3442889999998897 6000 
0.0008014999998522399 0.03037890000018706 2 
0.0007508999999572552 0.001083500000049753 5 
0.0005997000000661501 0.0016441000000213535 10 
0.0006044000001566019 0.003238900000042122 20 
0.0006347999999434251 0.005722099999957209 40 
0.0006284000000960077 0.006902099999933853 50 
0.0006161000001156935 0.011013999999931912 80 
0.0006215000000793225 0.013847299999952156 100 
0.0006355999998959305 0.02100550000000112 150 
0.000647999999955573 0.02833250000003318 200 
0.0006768000000647589 0.044745299999931376 300 
0.0007312000000183616 0.07648330000006354 500 
0.0009182999999666208 0.17906170000014754 1000 
0.0008944000001065433 0.4476119999999355 2000 
0.0009609999999611318 0.9025595000000521 3000 
0.0011538999999629596 1.4913280000000668 4000 
0.0012266999999610562 2.4246210999999676 5000 
0.0014822000000549451 3.302867699999979 6000 
0.0007815000001301087 0.0309709999999086 2 
0.000742599999966842 0.0009838000000854663 5 
0.0006032999999661115 0.0016232000000400149 10 
0.000598899999886271 0.003160299999990457 20 
0.000646599999981845 0.005656900000076348 40 
0.0006111999998665851 0.006923900000174399 50 
0.0006295999999110791 0.011322000000063781 80 
0.0006235999999262276 0.013970200000130717 100 
0.0006379999999808206 0.021157399999992776 150 
0.0006562999999459862 0.028841999999940526 200 
0.0006852999999864551 0.04441620000011426 300 
0.0007351000001563079 0.08825199999978395 500 
0.0010583000000679021 0.1801173999999719 1000 
0.0008196000001134962 0.44263219999993453 2000 
0.0009969999998702406 0.8815957000001617 3000 
0.0012046000001646462 1.4584969 4000 
0.0012139000000388478 2.425450200000114 5000 
0.0013931000000866334 3.340672199999972 6000 
0.0007815000001301087 0.030563699999902383 2 
0.000759600000037608 0.001013599999851067 5 
0.0006132999999408639 0.0016653000000133034 10 
0.0006187000001318665 0.0030451000000084605 20 
0.0006220000000212167 0.005755700000008801 40 
0.0006250999999792839 0.007099700000026132 50 
0.0006425000001399894 0.011228200000005018 80 
0.0006416999999601103 0.014102800000046045 100 
0.0006504000000404631 0.021393899999793575 150 
0.0006585000000995933 0.02855720000002293 200 
0.0006730000000061409 0.045028699999875244 300 
0.0007026000000678323 0.07658900000001267 500 
0.0007474999999885767 0.17776260000005095 1000 
0.0008898999999473745 0.44432099999994534 2000 
0.0009230999999090272 0.8907781000000341 3000 
0.0011308999999073421 1.4762570000000323 4000 
0.0012295999999878404 2.4439142999999603 5000 
0.0013338999999632506 3.3433390000000145 6000 
