3.7699999893447966e-05 7.230000005620241e-05 2 
1.6700000060154707e-05 3.600000013648241e-05 5 
1.150000002780871e-05 0.00019129999986944313 10 
1.7899999875226058e-05 0.00022240000021156447 20 
2.9299999823706457e-05 0.0007729000001290842 40 
4.169999988334894e-05 0.000999100000171893 50 
6.79999998283165e-05 0.0028005000001485314 80 
7.129999994504033e-05 0.004473899999993591 100 
0.00018769999996948172 0.005424300000186122 150 
0.00024970000004032045 0.008375000000114596 200 
0.0006680999999844062 0.012611299999889525 300 
0.0018086999998558895 0.02251750000004904 500 
0.009644500000149492 0.0518938000000162 1000 
0.048866599999882965 0.3040723000001435 2000 
0.11761150000006637 0.8877072000000226 3000 
0.23597010000003138 1.9412311999999474 4000 
0.37818650000008347 3.948756699999876 5000 
0.014674799999966126 0.009388599999965663 2 
3.519999995660328e-05 6.120000011833326e-05 5 
1.560000009703799e-05 7.909999999355932e-05 10 
1.7000000070765964e-05 0.00016279999999824213 20 
2.369999992879457e-05 0.0005770000000211439 40 
2.8899999961140566e-05 0.000795899999957328 50 
4.579999995257822e-05 0.0020667999999659514 80 
5.620000001727021e-05 0.0032260000000405853 100 
0.00011530000006132468 0.005863200000021607 150 
0.00019939999992857338 0.007350000000087675 200 
0.00035570000000006985 0.013103900000032809 300 
0.002332099999875936 0.01957399999992049 500 
0.009587100000089777 0.049912899999981164 1000 
0.04793539999991481 0.3102006999999958 2000 
0.11940009999989343 0.8592472000000271 3000 
0.22548540000002504 1.9978521000000455 4000 
0.3754946999999902 3.7639478000000963 5000 
0.014433199999984936 0.008957999999893218 2 
3.130000004603062e-05 5.289999990054639e-05 5 
1.6599999980826396e-05 8.309999998346029e-05 10 
1.6599999980826396e-05 0.00017989999992096273 20 
7.980000009411015e-05 0.0006232999999156164 40 
2.769999991869554e-05 0.0008410999998886837 50 
4.759999978887208e-05 0.002218700000184981 80 
5.8500000022831955e-05 0.0029035000000021682 100 
0.00010840000004463946 0.0050151000000369095 150 
0.0001640999998926418 0.006808300000102463 200 
0.0003919000000678352 0.012782300000026225 300 
0.0022096000000146887 0.01772979999987001 500 
0.009363600000142469 0.050326399999903515 1000 
0.048608500000000276 0.272925899999791 2000 
0.11942399999998088 0.8625242000000526 3000 
0.24239090000014585 1.9253160999999182 4000 
0.3742156000000705 3.772724599999947 5000 
0.01434489999996913 0.008974200000011479 2 
3.140000012535893e-05 4.859999990003416e-05 5 
1.6499999901498086e-05 7.860000005166512e-05 10 
2.1600000081889448e-05 0.00017139999999926658 20 
2.4100000018734136e-05 0.0006009000001085951 40 
2.7099999897473026e-05 0.000941000000011627 50 
3.9600000036443816e-05 0.0020763999998507643 80 
0.00011839999979201821 0.003061999999999898 100 
9.180000006381306e-05 0.004828200000019933 150 
0.00015140000004976173 0.008750199999894903 200 
0.00030270000002019515 0.01339020000000346 300 
0.002190100000007078 0.01818330000014612 500 
0.009830700000065917 0.04892710000012812 1000 
0.047881299999971816 0.2824739000000136 2000 
0.11839069999996354 0.8626815000000079 3000 
0.23187570000004598 2.2462106000000404 4000 
0.3762474000000111 3.810333700000001 5000 
0.014354900000171256 0.008918699999867385 2 
2.8400000019246363e-05 4.579999995257822e-05 5 
1.5999999959603883e-05 8.06000000466156e-05 10 
1.7000000070765964e-05 0.00019459999998616695 20 
2.8500000098574674e-05 0.0006605000000945438 40 
3.489999994599202e-05 0.0010091000001466455 50 
4.6200000042517786e-05 0.0022329000000809174 80 
6.849999999758438e-05 0.0030392000001029373 100 
0.0001173999999082298 0.005027899999959118 150 
0.00018980000004376052 0.00849130000005971 200 
0.0003974999999627471 0.013052100000095379 300 
0.002242000000023836 0.017998499999976048 500 
0.009409800000184987 0.04887359999997898 1000 
0.05026419999990139 0.27454130000000987 2000 
0.11803250000002663 0.8637112999999772 3000 
0.22885010000004513 1.9940032999998039 4000 
0.369329099999959 3.7597240000000056 5000 
0.014433800000006158 0.008914500000173575 2 
2.859999995052931e-05 4.550000016934064e-05 5 
1.5499999790336005e-05 7.690000006732589e-05 10 
1.720000000204891e-05 0.00016089999985524628 20 
2.3499999997511622e-05 0.0005585000001246954 40 
2.6599999955578824e-05 0.000894300000027215 50 
3.990000004705507e-05 0.0019440000000940927 80 
5.0600000122358324e-05 0.003098099999988335 100 
9.090000003197929e-05 0.004879900000105408 150 
0.00014570000007552153 0.007208499999933338 200 
0.0003050000000257569 0.013184500000079424 300 
0.0023054999999203574 0.017876099999966755 500 
0.009361200000057579 0.048453800000061165 1000 
0.04736579999985224 0.2823500000001786 2000 
0.11784540000007837 0.9118255000000772 3000 
0.2308295000000271 1.9527349999998478 4000 
0.3796735000000808 3.78237369999988 5000 
0.014498799999955736 0.008940700000039215 2 
3.130000004603062e-05 5.020000003241876e-05 5 
1.5100000155143789e-05 7.849999997233681e-05 10 
1.7000000070765964e-05 0.00016800000003058813 20 
2.2800000124334474e-05 0.0006149999999252032 40 
2.6000000161729986e-05 0.0008438999998361396 50 
3.889999993589299e-05 0.002193700000134413 80 
5.059999989498465e-05 0.0031423000000359025 100 
9.040000009008509e-05 0.005140900000014881 150 
0.00013760000001639128 0.007523400000081892 200 
0.00031409999996867555 0.013779200000044511 300 
0.0021933000000444736 0.018305399999917427 500 
0.009444799999982934 0.05112340000005133 1000 
0.04705159999980424 0.27743740000005346 2000 
0.1176740000000791 0.8452709000000596 3000 
0.23210589999985132 2.084747600000128 4000 
0.38783710000006977 3.9310382000001027 5000 
0.014725600000019767 0.009062600000106613 2 
3.1499999977313564e-05 9.350000004815229e-05 5 
1.3999999964653398e-05 0.00010229999998045969 10 
2.3199999986900366e-05 0.0001726000000417116 20 
2.7099999897473026e-05 0.0007256999999754044 40 
8.06000000466156e-05 0.0009364000000005035 50 
3.930000002583256e-05 0.0022392999999283347 80 
5.3499999921768904e-05 0.003337899999905858 100 
9.120000004259055e-05 0.004876499999909356 150 
0.00014790000000175496 0.006872400000020207 200 
0.00029970000014145626 0.01347459999988132 300 
0.0030013000000508328 0.017789099999845348 500 
0.009575600000061968 0.048880800000006275 1000 
0.0472919000001184 0.2798153999999613 2000 
0.11811039999997774 0.8764745000000858 3000 
0.23212130000001707 1.9987074999999095 4000 
0.36420909999992546 3.7642263000000185 5000 
0.014649800000142932 0.008905299999923955 2 
3.0000000151630957e-05 4.579999995257822e-05 5 
1.5200000007098424e-05 7.909999999355932e-05 10 
1.6800000139483018e-05 0.00017649999995228427 20 
2.3199999986900366e-05 0.000544199999922057 40 
2.7199999976801337e-05 0.0009162000001197157 50 
3.839999999399879e-05 0.0021318999999948574 80 
4.979999994247919e-05 0.0030040999999982887 100 
9.15000000532018e-05 0.005075199999964752 150 
0.0001371999999264517 0.008637700000008408 200 
0.000299400000130845 0.012110299999903873 300 
0.0022039000000404485 0.017818399999896428 500 
0.009336399999938294 0.04858009999998103 1000 
0.04759310000008554 0.2867079999998623 2000 
0.12023810000005142 0.8513625000000502 3000 
0.24602260000006027 1.9971201000000747 4000 
0.35842139999999745 3.8953246000000945 5000 
0.014663300000165691 0.008726499999966109 2 
3.0800000104136416e-05 4.9600000011196244e-05 5 
1.550000001770968e-05 8.119999984046444e-05 10 
1.7000000070765964e-05 0.00015660000008210773 20 
2.3300000066228677e-05 0.0006416999999601103 40 
2.6700000034907134e-05 0.0009559000000081141 50 
3.8200000062715844e-05 0.0023850000000038563 80 
7.00999999025953e-05 0.0029859000001124514 100 
9.099999988393392e-05 0.005091600000014296 150 
0.00014590000000680448 0.00834139999983563 200 
0.00030169999990903307 0.014025400000036825 300 
0.0022014999999555585 0.019387999999935346 500 
0.0092987999998968 0.04968159999998534 1000 
0.04735049999999319 0.28228809999995974 2000 
0.11751559999993333 0.8673820000001342 3000 
0.2312422999998489 2.023688500000162 4000 
0.3809899000000314 3.879688899999792 5000 
