5.8299999864175334e-05 0.00010090000000673172 2 
2.1800000013172394e-05 4.3000000005122274e-05 5 
1.6700000060154707e-05 3.8099999983387534e-05 10 
1.889999998638814e-05 0.00021829999991496152 20 
3.360000005159236e-05 0.000593499999922642 40 
0.00012169999990874203 0.0005458000000544416 50 
0.00018369999997958075 0.000820199999907345 80 
6.750000011379598e-05 0.0005272999999306194 100 
0.000136099999963335 0.0006751000000804197 150 
0.00014969999983804883 0.0010298000001967011 200 
0.0003917999999885069 0.00164039999981469 300 
0.0022083999999722437 0.00454530000001796 500 
0.009711299999935363 0.018917600000122547 1000 
0.0487103999998908 0.1128783999999996 2000 
0.11917930000004162 0.32103059999985817 3000 
0.2316611000001103 0.6467083999998522 4000 
0.36360480000007556 1.0961080999998103 5000 
0.014355900000055044 0.00014369999985319737 2 
3.1600000056641875e-05 0.0001817999998365849 5 
4.669999998441199e-05 6.759999996575061e-05 10 
4.5700000100623583e-05 0.00030209999999897263 20 
3.3799999982875306e-05 0.0008175000000392174 40 
0.00010470000006534974 0.000602699999944889 50 
0.00017539999998916755 0.0007587000000057742 80 
7.230000005620241e-05 0.0005332000000635162 100 
0.00016649999997753184 0.000691899999992529 150 
0.00021710000009989017 0.0010039999999662541 200 
0.00038309999990815413 0.0015754000000924862 300 
0.0018827000001238048 0.004590699999880599 500 
0.009207600000081584 0.019623700000011013 1000 
0.04712059999997109 0.11221550000004754 2000 
0.11856970000008005 0.30683929999986503 3000 
0.22443679999992128 0.6231897000000117 4000 
0.35421130000008816 1.1177353000000494 5000 
0.014293400000042311 0.0002690999999686028 2 
4.089999993084348e-05 0.0001225999999405758 5 
1.7899999875226058e-05 8.240000011028314e-05 10 
3.4200000072814873e-05 0.0002958000000035099 20 
3.930000002583256e-05 0.0007118999999420339 40 
4.229999990457145e-05 0.0008204000000660017 50 
0.00018900000009125506 0.00047530000006190676 80 
0.0002191999999467953 0.0004495000000588334 100 
9.559999989505741e-05 0.0006433000000924949 150 
0.00015869999992901285 0.0009661999999934778 200 
0.00034579999987727206 0.0014792000001762062 300 
0.0018219999999473657 0.0041027000002031855 500 
0.009292100000038772 0.017642199999954755 1000 
0.0512152999999671 0.117035800000167 2000 
0.11946459999990111 0.3114743000000999 3000 
0.23001490000001468 0.6294817999998941 4000 
0.3526249999999891 1.118416600000046 5000 
0.014252200000100856 0.00010059999999612046 2 
3.179999998792482e-05 4.069999999956053e-05 5 
1.7799999795897747e-05 3.700000002027082e-05 10 
1.939999992828234e-05 0.00027170000021214946 20 
3.290000017841521e-05 0.0009908999998060608 40 
6.100000018705032e-05 0.0004791999999724794 50 
0.00019299999985378236 0.0004746000001887296 80 
5.830000009154901e-05 0.0004182000000128028 100 
0.0001247000000148546 0.0006546999998136016 150 
0.00015959999996084662 0.0009684999999990396 200 
0.00034009999990303186 0.0014882000000397966 300 
0.0019127999999000167 0.00418630000012854 500 
0.00903270000003431 0.018144499999834807 1000 
0.04714109999986249 0.11303040000007059 2000 
0.1194814000000406 0.30834299999992254 3000 
0.22506320000002233 0.6263890000000174 4000 
0.36308629999984987 1.1106002999999873 5000 
0.01448249999998552 0.00010130000009667128 2 
2.870000002985762e-05 3.979999996772676e-05 5 
1.6800000139483018e-05 3.609999998843705e-05 10 
1.929999984895403e-05 0.0003155000001697772 20 
8.950000005825132e-05 0.0007253000001128385 40 
6.570000005012844e-05 0.0009175000000141154 50 
0.00019389999988561613 0.0005835000001752633 80 
0.00018330000011701486 0.0004681999998865649 100 
9.679999993750243e-05 0.0006538000000091415 150 
0.00015910000001895241 0.0009626000000935164 200 
0.00034440000013091776 0.0014762999999220483 300 
0.0018602999998620362 0.0044216000001142675 500 
0.009177799999861236 0.01774310000018886 1000 
0.04744340000002012 0.11303480000015043 2000 
0.11804140000003827 0.3017681999999695 3000 
0.22492470000020148 0.6260207999998784 4000 
0.3533302000000731 1.103857199999993 5000 
0.014220499999964886 0.00010539999993852689 2 
3.0199999855540227e-05 4.4399999978850246e-05 5 
1.939999992828234e-05 4.069999999956053e-05 10 
4.0399999988949276e-05 0.00026580000007925264 20 
0.00015809999990779033 0.0008458000002065091 40 
6.900000016685226e-05 0.0006515000000035798 50 
0.00020450000010896474 0.0005352000000584667 80 
0.00012500000002546585 0.00040719999992688827 100 
0.00013660000013260287 0.0006542999999510357 150 
0.0001580000000558357 0.000969499999882828 200 
0.0003709000000071683 0.0014816000000337226 300 
0.0018431999999393156 0.004092800000080388 500 
0.009190100000068924 0.019335799999907977 1000 
0.04732279999984712 0.11467470000002322 2000 
0.12597340000002077 0.3051319000001058 3000 
0.2281350000000657 0.6226217000000815 4000 
0.36351749999994354 1.0909312000001137 5000 
0.014449000000013257 0.00010040000006483751 2 
3.089999995609105e-05 4.020000005766633e-05 5 
1.720000000204891e-05 3.649999985100294e-05 10 
1.810000003388268e-05 0.0002856999999494292 20 
0.00013160000003153982 0.0008043999998790241 40 
0.00012909999986732146 0.0008018000000902248 50 
0.00017860000002656307 0.0006929999999556458 80 
6.0499999790408765e-05 0.00040840000019670697 100 
0.00013779999994767422 0.0006444000000556116 150 
0.00020130000007156923 0.0009668000000147003 200 
0.00037219999990156794 0.0014797000001181004 300 
0.001860800000031304 0.004015499999923122 500 
0.009166400000140129 0.017714200000000346 1000 
0.04673400000001493 0.11358739999991485 2000 
0.11694330000000264 0.31760850000000573 3000 
0.22354429999995773 0.6238656000000447 4000 
0.3534285999999156 1.085510099999965 5000 
0.014324600000009013 0.0001443999999537482 2 
5.9799999917231617e-05 7.150000010369695e-05 5 
4.549999994196696e-05 6.490000009762298e-05 10 
1.8199999885837315e-05 0.00034159999995608814 20 
9.059999979399436e-05 0.000824300000203948 40 
7.040000014058023e-05 0.0006391999997958919 50 
0.00018470000009074283 0.0005783999999948719 80 
0.00011970000014116522 0.0003990000000158034 100 
0.00010180000003856549 0.0006499000000985689 150 
0.00016180000011445372 0.0009611000000404601 200 
0.00037810000003446476 0.0014810000000125 300 
0.002032800000051793 0.0050876999998763495 500 
0.009170700000140641 0.01818449999996119 1000 
0.047198499999922205 0.11317150000013498 2000 
0.11871519999999691 0.31095989999994345 3000 
0.22439749999989544 0.6246045000000322 4000 
0.35924770000019635 1.099160299999994 5000 
0.014743599999974322 0.00010159999987990886 2 
3.119999996670231e-05 4.089999993084348e-05 5 
1.7000000070765964e-05 3.670000000965956e-05 10 
1.820000011321099e-05 0.00027039999986300245 20 
2.7400000135457958e-05 0.0008430999998836342 40 
3.0300000162242213e-05 0.0007058999999571824 50 
0.0001760999998623447 0.0008510000000114815 80 
5.890000011277152e-05 0.00048769999989417556 100 
9.839999984251335e-05 0.0006467000000611733 150 
0.00018089999980475113 0.0009592999999767926 200 
0.0003438999999616499 0.0015066000000842905 300 
0.0018157000001792767 0.004213599999957296 500 
0.009126699999796983 0.018056500000056985 1000 
0.04650070000002415 0.11231020000013814 2000 
0.11772909999990588 0.341276900000139 3000 
0.22510109999984707 0.6231745000000046 4000 
0.36155650000000605 1.1034804999999324 5000 
0.014572199999975055 0.00012450000008357165 2 
5.7399999832341564e-05 7.210000012491946e-05 5 
4.520000015872938e-05 6.349999989652133e-05 10 
0.00012250000008862116 0.0002997999999934109 20 
3.90000000152213e-05 0.0006797999999434978 40 
2.960000006169139e-05 0.0009525999998913903 50 
0.00017590000015843543 0.0008190999999442283 80 
5.679999981111905e-05 0.00042960000018865685 100 
0.0001007999999274034 0.000650599999971746 150 
0.00017699999989417847 0.0009677000000465341 200 
0.00034430000005158945 0.0014897999999448075 300 
0.0018004999999448046 0.0043074000000160595 500 
0.009056200000031822 0.01832549999994626 1000 
0.04734460000008767 0.11645659999999225 2000 
0.11786419999998543 0.3085055999999895 3000 
0.22569029999999657 0.6307663000000048 4000 
0.3586153999999624 1.1008181000001969 5000 
