0.013647900000023583 0.00012149999997745908 2 
0.0006435000000237778 6.419999999707215e-05 5 
0.0005138999999871885 6.490000009762298e-05 10 
0.0005722999999306921 7.019999998192361e-05 20 
0.0005480999998326297 7.160000018302526e-05 40 
0.0005154000000402448 7.430000005115289e-05 50 
0.0005788000000848115 8.809999985714967e-05 80 
0.0005233000001680921 9.919999979501881e-05 100 
0.0005410000001120352 0.00010169999995923718 150 
0.0005602000001090346 0.00010629999997036066 200 
0.0005418000000645407 0.00024050000001807348 300 
0.0005713000000469037 0.00020349999999780266 500 
0.0006318999999166408 0.000329100000044491 1000 
0.0007132000000638072 0.0008835999999519117 2000 
0.0007510999998885382 0.001070300000037605 3000 
0.0007752999999866006 0.0013778000000002066 4000 
0.0008000000000265572 0.0017057000000022526 5000 
0.0008765000000039436 0.0017448000000968023 6000 
0.0010643999999047082 0.0022492000000511325 7000 
0.0010641000001214707 0.002825600000051054 9000 
0.0010853999999653752 0.0029912999998487066 10000 
0.0015066000000842905 0.004718700000012177 15000 
0.00160169999981008 0.006640500000003158 20000 
0.0024290999999720952 0.00952329999995527 30000 
0.0029598999999507214 0.01281979999998839 40000 
0.0006942999998500454 7.220000020424777e-05 2 
0.0005409999998846615 5.82000000122207e-05 5 
0.0005337000000054104 6.38999999864609e-05 10 
0.0005343000000266329 6.92000000981352e-05 20 
0.0005376999999953114 7.340000001931912e-05 40 
0.0005386000000271451 7.619999996677507e-05 50 
0.0005412000000433181 8.209999987229821e-05 80 
0.0005433999999695516 8.48000001951732e-05 100 
0.0005515999998806365 9.93000001017208e-05 150 
0.0005527000000711269 0.00010919999999714491 200 
0.00057040000001507 0.0001310000000103173 300 
0.0005783999999948719 0.00017870000010589138 500 
0.0006041999999979453 0.00029429999995045364 1000 
0.0006525999999666965 0.0005663000001732144 2000 
0.0007130999999844789 0.0007874000000356318 3000 
0.0007497000001421839 0.0010339000000385568 4000 
0.0007974000000103842 0.0013205999998717743 5000 
0.000853899999810892 0.0017307000000528205 6000 
0.0008978999999271764 0.002177600000095481 7000 
0.0009952000000339467 0.0026507999998557352 9000 
0.0010386999999809632 0.002849700000069788 10000 
0.0012859999999363936 0.004529300000058356 15000 
0.0014420999998492334 0.005982800000083444 20000 
0.0019302000000607222 0.009376699999847915 30000 
0.0025779999998576386 0.012436800000159565 40000 
0.0006983999999192747 7.160000018302526e-05 2 
0.000539300000127696 5.9199999896009103e-05 5 
0.0005456999999751133 6.260000009206124e-05 10 
0.0005362000001696288 6.880000000819564e-05 20 
0.0005389000000377564 7.409999989249627e-05 40 
0.0005416000001332577 7.52999999349413e-05 50 
0.0005392999999003223 8.170000000973232e-05 80 
0.0005466000000069471 8.449999995718827e-05 100 
0.0005533000000923494 9.81999999112304e-05 150 
0.0005554000001666282 0.00010839999981726578 200 
0.0005648000001201581 0.0001310000000103173 300 
0.0005783999999948719 0.00017779999984668393 500 
0.0006140999998933694 0.0003424999999879219 1000 
0.0006602999999358872 0.0005535000000236323 2000 
0.0007097000000158005 0.0007875000001149601 3000 
0.000747999999930471 0.0010272000001805281 4000 
0.0007989000000634405 0.0012796000000889762 5000 
0.0008511999999427644 0.0017196000001149514 6000 
0.0008930000001328153 0.0022953999998662766 7000 
0.0010587000001578417 0.0027282999999442836 9000 
0.0010591999998723622 0.0028486000001066714 10000 
0.0012329999999565189 0.004573400000026595 15000 
0.001457599999866943 0.00607070000000931 20000 
0.0019268999999439984 0.009240600000111954 30000 
0.002554800000098112 0.012545499999987442 40000 
0.0007034000000203378 7.179999988693453e-05 2 
0.0005461000000650529 5.7800000149654807e-05 5 
0.0005373999999847001 6.250000001273293e-05 10 
0.0005335000000741275 6.800000005569018e-05 20 
0.0005421999999271065 7.359999995060207e-05 40 
0.0005364000001009117 7.52999999349413e-05 50 
0.0005787999998574378 8.180000008906063e-05 80 
0.0005435000000488799 8.609999986219918e-05 100 
0.0005503999998381914 9.810000005927577e-05 150 
0.0005520000001979497 0.00010750000001280569 200 
0.0005656000000726635 0.000130899999930989 300 
0.0005789999997887207 0.00018930000010186632 500 
0.0006074999998872954 0.00029380000000855944 1000 
0.0006573000000571483 0.0005541999998968095 2000 
0.0007091999998465326 0.0007866000000831264 3000 
0.0007509999998092098 0.00103280000007544 4000 
0.0007966000000578788 0.0012739999999666907 5000 
0.0008433999998942454 0.0017150999999557826 6000 
0.0008935000000747095 0.002219100000047547 7000 
0.0010005999999975757 0.0026763999999275256 9000 
0.0010171000001264474 0.00283779999995204 10000 
0.0012282000000141124 0.004553999999870939 15000 
0.0015068000000155735 0.006009700000049634 20000 
0.00192109999989043 0.009262600000056409 30000 
0.002557799999976851 0.01241899999990892 40000 
0.0007047999999940657 7.190000019363652e-05 2 
0.0005395000000589789 5.8399999943503644e-05 5 
0.0005349999998998101 6.320000011328375e-05 10 
0.0005344999999579159 6.810000013501849e-05 20 
0.0005387999999584281 7.320000008803618e-05 40 
0.0005376999999953114 7.570000002488086e-05 50 
0.0005409000000327069 8.240000011028314e-05 80 
0.0005476000001181092 8.499999989908247e-05 100 
0.0005516000001080101 9.81999999112304e-05 150 
0.0005539999999655265 0.000107600000092134 200 
0.0005670000000463915 0.00013049999984104943 300 
0.0005807000000004336 0.00017679999996289553 500 
0.0006081000001358916 0.00029799999992974335 1000 
0.0006585000000995933 0.0005536999999549153 2000 
0.0007118999999420339 0.0007845000000088476 3000 
0.000781299999971452 0.0010728000002018234 4000 
0.0008113999999750376 0.0012934999999743013 5000 
0.0013223000000834872 0.0021176999998715473 6000 
0.0009185999999772321 0.0021538999999393127 7000 
0.00100350000002436 0.0026626999999734835 9000 
0.0010222999999314197 0.00283409999997275 10000 
0.00124510000000555 0.004639400000087335 15000 
0.0014685999999528576 0.00612009999986185 20000 
0.001963200000091092 0.009255799999891678 30000 
0.0026322999999592867 0.012750800000048912 40000 
0.0007017000000359985 7.099999993442907e-05 2 
0.0005452000000332191 5.779999992228113e-05 5 
0.0005361000000903005 6.339999981719302e-05 10 
0.0005337000000054104 6.869999992886733e-05 20 
0.0005404000000908127 7.359999995060207e-05 40 
0.0005398000000695902 7.52999999349413e-05 50 
0.0005443000000013853 8.189999994101527e-05 80 
0.0005621000000246568 8.509999997841078e-05 100 
0.0005503999998381914 9.850000014921534e-05 150 
0.0005567999999129825 0.00010849999989659409 200 
0.0005697999999938475 0.0001310000000103173 300 
0.0005787000000054832 0.0001786999998785177 500 
0.0006122000002051209 0.0002958000000035099 1000 
0.0006550000000515865 0.000596099999938815 2000 
0.0007075999999415217 0.0007849999999507418 3000 
0.0007513000000471948 0.0010290999998687766 4000 
0.0007993000001533801 0.001268399999844405 5000 
0.0008433999998942454 0.0017201000000568456 6000 
0.0009012999998958549 0.0022242000000005646 7000 
0.0010049999998500425 0.002671800000143776 9000 
0.0010808999998062063 0.002844100000174876 10000 
0.00123089999988224 0.004557800000156931 15000 
0.0014656999999260734 0.006082300000116447 20000 
0.0019202000000859698 0.009391199999981836 30000 
0.0025826000000961358 0.012501199999860546 40000 
0.0007050000001527224 7.279999999809661e-05 2 
0.0005449999998745625 5.8600000102160266e-05 5 
0.0005337000000054104 6.349999989652133e-05 10 
0.0005383000000165339 6.929999995008984e-05 20 
0.0005381000000852509 7.370000002993038e-05 40 
0.0005407000001014239 7.630000004610338e-05 50 
0.0005854999999428401 8.350000007339986e-05 80 
0.00054679999993823 8.509999997841078e-05 100 
0.0005548000001454056 9.849999992184166e-05 150 
0.0005568999999923108 0.00010880000013457902 200 
0.0005720000001474546 0.0001310000000103173 300 
0.000579200000174751 0.0001776999999947293 500 
0.000609299999950963 0.0002953000000616157 1000 
0.0006565000001046428 0.0005535999998755869 2000 
0.0007150999999794294 0.0007869999999456923 3000 
0.0007617999999638414 0.001029399999879388 4000 
0.0007987999999841122 0.0012719000001197855 5000 
0.0008441999998467509 0.0017242000001260749 6000 
0.000891500000079759 0.0022474999998394196 7000 
0.0010526999999456166 0.002689300000156436 9000 
0.0010403999999653024 0.0028515999999854102 10000 
0.0012325000000146247 0.004519999999956781 15000 
0.0015046999999412947 0.006042600000000675 20000 
0.0019373000000086904 0.009242000000085682 30000 
0.0026205000001482404 0.012416999999913969 40000 
0.0007545000000845903 7.179999988693453e-05 2 
0.0005455000000438304 5.889999988539785e-05 5 
0.0005340999998679763 6.43999999283551e-05 10 
0.0005343999998785876 6.830000006630144e-05 20 
0.0005381000000852509 7.310000000870787e-05 40 
0.0005409999998846615 7.47999999930471e-05 50 
0.0005583000001934124 8.279999997284904e-05 80 
0.00054679999993823 8.419999994657701e-05 100 
0.0005504999999175197 9.909999994306418e-05 150 
0.0005902000000332919 0.00010969999993903912 200 
0.0005697999999938475 0.00013020000005781185 300 
0.000579099999868049 0.00017890000003717432 500 
0.0006088000000090688 0.0002941000000191707 1000 
0.0006552999998348241 0.0005545000001347944 2000 
0.0007127999999738677 0.0007868000000144093 3000 
0.0007492999998248706 0.0010266000001593056 4000 
0.0007982000001902634 0.0012644999999338324 5000 
0.0009296000000631466 0.001715699999977005 6000 
0.0009051999998064275 0.0021510999999918567 7000 
0.0009931999998116225 0.0026792000001023553 9000 
0.0010225000000900764 0.002849400000059177 10000 
0.0012331999998878018 0.004645100000061575 15000 
0.0014696000000640197 0.006001799999921786 20000 
0.0019058999998833315 0.009232200000042212 30000 
0.0025528000001031614 0.012614299999995637 40000 
0.0007499000000734668 7.179999988693453e-05 2 
0.0005586999998286046 5.830000009154901e-05 5 
0.0005357999998523155 6.320000011328375e-05 10 
0.0005807000000004336 6.880000000819564e-05 20 
0.0005406999998740503 7.380000010925869e-05 40 
0.0005416999999852123 7.44000001304812e-05 50 
0.0005406999998740503 8.300000013150566e-05 80 
0.000542999999879612 8.479999996779952e-05 100 
0.000555800000029194 9.879999993245292e-05 150 
0.0005522999999811873 0.00010830000019268482 200 
0.0005651000001307693 0.0001307999998516607 300 
0.0005811000000903732 0.00017860000002656307 500 
0.0006121999999777472 0.0003039000000626402 1000 
0.0006542999999510357 0.000554799999918032 2000 
0.0007252000000335102 0.0008316999999351538 3000 
0.0007499000000734668 0.0011245999999118794 4000 
0.000918799999908515 0.0013202000000092085 5000 
0.00085680000006505 0.0018699999998261774 6000 
0.0009399000000485103 0.0022321999999803666 7000 
0.0010010999999394699 0.002855100000033417 9000 
0.001113199999963399 0.003008399999998801 10000 
0.0012598000000707543 0.004683099999965634 15000 
0.0014495000000351865 0.006208199999946373 20000 
0.0019498999999996158 0.009298199999875578 30000 
0.0025583999999980733 0.012637300000051255 40000 
0.0007112000000688568 7.129999994504033e-05 2 
0.0005580000001828012 5.9299999975337414e-05 5 
0.0005403000000114844 6.329999996523838e-05 10 
0.0005336000001534558 6.880000000819564e-05 20 
0.0005426999998690007 7.300000015675323e-05 40 
0.0005381999999372056 7.660000005671463e-05 50 
0.0005449000000226079 8.170000000973232e-05 80 
0.0005473999999594525 8.550000006835035e-05 100 
0.0005539000001135719 9.909999994306418e-05 150 
0.0005963999999494263 0.00010849999989659409 200 
0.0005697000001418928 0.00013169999988349446 300 
0.0005833000000166066 0.00021900000001551234 500 
0.0007897999998931482 0.0003717000001870474 1000 
0.0006765000000541477 0.0006988999998611689 2000 
0.0007166999998844403 0.000787899999977526 3000 
0.0007540999999946507 0.0010379000000284577 4000 
0.0008030999999846244 0.0012825999999677151 5000 
0.0008436999999048567 0.001718800000162446 6000 
0.0008942000001752604 0.002173099999936312 7000 
0.0010330999998586776 0.0026648000000477623 9000 
0.001011800000014773 0.002840899999910107 10000 
0.00123000000007778 0.004571400000031645 15000 
0.00144230000000789 0.006015200000092591 20000 
0.001906699999835837 0.009226300000136689 30000 
0.002676100000144288 0.013407899999947404 40000 
