2.4700000722077675e-05 4.269999953976367e-05 2 
1.630000042496249e-05 8.299999535665847e-06 5 
2.1699999706470408e-05 4.999999873689376e-06 10 
9.309999950346537e-05 6.800000846851617e-06 20 
0.00016150000010384247 4.3399999412940815e-05 40 
0.00018140000065614004 7.03999994584592e-05 50 
0.0002928000012616394 4.9700000090524554e-05 80 
0.0002715999999054475 2.879999919969123e-05 100 
0.0004642000003514113 0.00015109999912965577 150 
0.0006124999999883585 0.00020020000010845251 200 
0.001113199999963399 0.0005275000003166497 300 
0.0013788000014756108 0.001922999999806052 500 
0.0038611999989370815 0.013759700001173769 1000 
0.006217100000867504 0.03877399999873887 1500 
0.009923499999786145 0.10121230000004289 2000 
0.014001100000314182 0.1561842000010074 2500 
0.02024340000025404 0.2786568999999872 3000 
0.026608000000123866 0.635843299998669 4000 
0.034914500000013504 1.1070925000003626 5000 
0.050115699999878416 1.9083933000001707 6000 
0.06632209999952465 4.294900099999722 8000 
0.0995746999997209 6.425002099998892 9000 
0.12997179999911168 8.590357900000527 10000 
0.11187180000160879 0.06506719999924826 2 
2.4400000256719068e-05 2.4500001018168405e-05 5 
2.2500000341096893e-05 6.8999997893115506e-06 10 
4.11000000895001e-05 5.600000804406591e-06 20 
7.999999979801942e-05 3.389999983482994e-05 40 
0.00017079999997804407 6.70000008540228e-05 50 
0.00034729999970295466 6.180000127642415e-05 80 
0.0003280000000813743 6.789999861211982e-05 100 
0.00038560000029974617 0.00010610000026645139 150 
0.0005450999997265171 0.00021019999985583127 200 
0.0009678999995230697 0.0005149999997229315 300 
0.0018025999997917097 0.0021483999989868607 500 
0.004003200001534424 0.01377659999889147 1000 
0.006680999998934567 0.03750899999977264 1500 
0.01036750000093889 0.08639539999967383 2000 
0.015401499998915824 0.15873649999957706 2500 
0.016279199999189586 0.24332270000013523 3000 
0.02518229999986943 0.5438916999992216 4000 
0.03353419999984908 1.1046549000002415 5000 
0.0496261999996932 1.902523900000233 6000 
0.06516609999926004 4.3412440000010974 8000 
0.12016809999840916 6.237207900001522 9000 
0.11957930000062333 8.648460799999157 10000 
0.12693180000132998 0.05547800000022107 2 
2.6100000468431972e-05 2.2599999283556826e-05 5 
2.320000021427404e-05 7.899998308857903e-06 10 
0.00012310000056459103 7.900000127847306e-06 20 
0.0001672000016696984 4.079999962414149e-05 40 
0.00017330000082438346 7.29000003047986e-05 50 
0.00022610000087297522 2.7499998395796865e-05 80 
0.0002779000005830312 3.0199998946045525e-05 100 
0.0004143999994994374 8.630000047560316e-05 150 
0.0006405000003724126 0.00022110000099928584 200 
0.001085999998394982 0.00046040000052016694 300 
0.002147799999875133 0.0020862000001216074 500 
0.003829799999948591 0.01393360000110988 1000 
0.007888000000093598 0.04548369999974966 1500 
0.009737399999721674 0.09119330000066839 2000 
0.017587700000149198 0.1803911999995762 2500 
0.02155499999935273 0.30305609999959415 3000 
0.0328282999998919 0.7370210999997653 4000 
0.03362039999956323 1.312790899999527 5000 
0.047863699999652454 2.190990099999908 6000 
0.07254439999996976 4.599539099999674 8000 
0.11982709999938379 6.44017630000053 9000 
0.12652559999878576 8.918990900001518 10000 
0.10636870000053023 0.05352669999956561 2 
2.4400000256719068e-05 2.069999936793465e-05 5 
2.3100001271814108e-05 7.2999991971300915e-06 10 
4.2800000301213004e-05 5.300000339047983e-06 20 
0.00013000000035390258 4.5200000386103056e-05 40 
9.849999878497329e-05 5.370000144466758e-05 50 
0.000291599999400205 2.700000004551839e-05 80 
0.00047280000035243575 2.9800001357216388e-05 100 
0.0003023999997822102 0.00014110000120126642 150 
0.0005043000001023756 0.00020539999968605116 200 
0.0009494999994785758 0.0005144999995536637 300 
0.001492100000177743 0.0019915000011678785 500 
0.003867899999022484 0.013552899999922374 1000 
0.006652099998973426 0.04394909999973606 1500 
0.011242000000493135 0.07372690000011062 2000 
0.013351099998544669 0.1674605000007432 2500 
0.0190191000001505 0.2977837999987969 3000 
0.02558630000021367 0.5529365999991569 4000 
0.03373779999856197 1.2188955000001442 5000 
0.04719269999986864 2.002661900000021 6000 
0.07152950000090641 4.702428000000509 8000 
0.09618659999978263 6.6644811999995 9000 
0.12637349999931757 9.028439400000934 10000 
0.12114979999932984 0.05897250000089116 2 
2.469999890308827e-05 2.190000122936908e-05 5 
2.3299999156733975e-05 7.599999662488699e-06 10 
4.2300000131945126e-05 5.800000508315861e-06 20 
0.00013810000018565916 6.259999827307183e-05 40 
0.0001391000005241949 5.7699999160831794e-05 50 
0.000320099999953527 8.789999992586672e-05 80 
0.00030980000155977905 6.0399999711080454e-05 100 
0.0003040999999939231 8.600000001024455e-05 150 
0.0004988000000594184 0.0002086000004055677 200 
0.0010125999997399049 0.0005230999995546881 300 
0.00134760000037204 0.0021640000013576355 500 
0.004831899999771849 0.014369900000019697 1000 
0.00732120000066061 0.043962800000372226 1500 
0.010042799998700502 0.10009910000007949 2000 
0.015534199999819975 0.1678544000005786 2500 
0.018839000000298256 0.2669906999999512 3000 
0.02513120000003255 0.6168912999983149 4000 
0.03863220000130241 1.225387899999987 5000 
0.04571129999931145 2.018094300001394 6000 
0.07053480000104173 4.562445099998513 8000 
0.10405940000055125 6.626045799999702 9000 
0.12070769999991171 8.920875300000262 10000 
0.11247739999998885 0.05238739999913378 2 
2.5800000003073364e-05 2.029999996011611e-05 5 
2.2500000341096893e-05 6.70000008540228e-06 10 
4.269999953976367e-05 6.600001142942347e-06 20 
0.00020039999981236178 4.260000059730373e-05 40 
0.00017280000065511558 4.929999886371661e-05 50 
0.00029179999910411425 5.1300001359777525e-05 80 
0.00035770000067714136 3.090000063821208e-05 100 
0.0004181000003882218 9.359999967273325e-05 150 
0.0006456000010075513 0.0002077999997709412 200 
0.00120009999955073 0.0005306000002747169 300 
0.0018833000012818957 0.0021150999982637586 500 
0.00404770000022836 0.010048199999801 1000 
0.007754100000965991 0.04245199999968463 1500 
0.009659800000008545 0.07696609999948123 2000 
0.014842900000076042 0.15047500000036962 2500 
0.017337499999484862 0.24333500000102504 3000 
0.02736949999962235 0.6409141999993153 4000 
0.034699399999226443 1.2030716000008397 5000 
0.05109769999944547 1.9740474000009272 6000 
0.0648842999999033 4.465816600000835 8000 
0.10162339999988035 6.57377009999982 9000 
0.12038510000093083 9.259539500000756 10000 
0.11226970000097936 0.0511168999983056 2 
2.4800001483527012e-05 1.9899998733308166e-05 5 
2.3299999156733975e-05 7.3999999585794285e-06 10 
4.290000106266234e-05 4.699999408330768e-06 20 
7.949999962875154e-05 5.5300000894931145e-05 40 
0.00010039999870059546 5.690000034519471e-05 50 
0.00020190000032016542 7.399999958579428e-05 80 
0.00028790000033040997 5.899999996472616e-05 100 
0.0004580000004352769 0.00011230000018258579 150 
0.00054439999985334 0.00015210000128718093 200 
0.0009528999999020016 0.0005264999999781139 300 
0.0014967000006436137 0.0020071999988431344 500 
0.004181100001005689 0.011875799998961156 1000 
0.006466799999543582 0.043273699999190285 1500 
0.01090719999956491 0.08831789999931061 2000 
0.013264200000776327 0.16459829999985232 2500 
0.018982699999469332 0.2864234000007855 3000 
0.028318000000581378 0.6279684000000998 4000 
0.03858339999896998 1.200917500000287 5000 
0.04655519999869284 1.9749889000013354 6000 
0.07334819999960018 4.5952457999992475 8000 
0.10102989999904821 6.4814093000004505 9000 
0.12090859999989334 9.080284700001357 10000 
0.10520229999929143 0.051470800000970485 2 
2.4900000425986946e-05 2.1100000594742596e-05 5 
2.3399999918183312e-05 8.699998943484388e-06 10 
4.179999996267725e-05 6.199999916134402e-06 20 
0.00013030000081926119 4.470000021683518e-05 40 
9.759999920788687e-05 5.229999987932388e-05 50 
0.000264600001173676 9.469999895372894e-05 80 
0.00028449999990698416 5.559999954130035e-05 100 
0.0003006999995704973 6.029999894963112e-05 150 
0.00048439999955007806 0.00014910000027157366 200 
0.001006799999231589 0.00039570000080857426 300 
0.001962799999091658 0.0021238999997876817 500 
0.004135600000154227 0.008865300000252319 1000 
0.00703599999906146 0.02870249999978114 1500 
0.009587000000465196 0.08217989999866404 2000 
0.014770500001759501 0.1715277999992395 2500 
0.020973700000467943 0.2961377999999968 3000 
0.023347300000750693 0.5919033999998646 4000 
0.034101199998985976 1.1519813000013528 5000 
0.05113299999902665 1.9258675000000949 6000 
0.0674589999998716 4.603949000000284 8000 
0.1229008000009344 6.688732200000231 9000 
0.12219979999827046 8.963290000001507 10000 
0.11876380000103381 0.05795909999869764 2 
2.5899998945533298e-05 2.240000139863696e-05 5 
2.2199999875738285e-05 6.399999620043673e-06 10 
4.269999953976367e-05 9.100000170292333e-06 20 
8.340000022144523e-05 1.049999991664663e-05 40 
0.0001007999999274034 0.00016730000061215833 50 
0.0003118999993603211 5.77000009798212e-05 80 
0.00034140000025217887 2.8399999791872688e-05 100 
0.00046020000081625767 0.00032899999860092066 150 
0.00073069999962172 0.00021890000061830506 200 
0.0009536999987176387 0.0005318000003171619 300 
0.0017465000000811415 0.0020545999996102182 500 
0.003974799999923562 0.013590999998996267 1000 
0.006585299999642302 0.039501400000517606 1500 
0.009894100001474726 0.0869829999992362 2000 
0.01399659999879077 0.14885820000017702 2500 
0.018379299999651266 0.2776138000008359 3000 
0.025193299999955343 0.5864077000005636 4000 
0.039627199999813456 1.1932548999993742 5000 
0.051352000000406406 1.993701699999292 6000 
0.07141650000085065 4.5825791999996 8000 
0.10090839999975287 6.671819600000163 9000 
0.15002839999942807 9.697704500000327 10000 
0.1093698000004224 0.054376999998567044 2 
2.499999936844688e-05 2.1300000298651867e-05 5 
2.3099999452824704e-05 7.599999662488699e-06 10 
4.2800000301213004e-05 6.70000008540228e-06 20 
7.920000098238233e-05 1.0099998689838685e-05 40 
9.73999995039776e-05 2.750000021478627e-05 50 
0.00027880000016011763 1.8400000044493936e-05 80 
0.00019799999972747173 2.0400000721565448e-05 100 
0.0003010000000358559 5.880000026081689e-05 150 
0.000509299999976065 0.00017069999921659473 200 
0.0009331000001111533 0.0003648999991128221 300 
0.0017005999998218613 0.0017791999998735264 500 
0.004436699999132543 0.0132659999999305 1000 
0.008525100000042585 0.04291920000105165 1500 
0.01122380000015255 0.0947228000004543 2000 
0.01656619999994291 0.1758403999992879 2500 
0.02166150000084599 0.29209439999976894 3000 
0.026797099999384955 0.5723106999994343 4000 
0.03731329999936861 1.2100871000002371 5000 
0.04802729999937583 1.8853006999997888 6000 
0.06723220000094443 4.607037399999172 8000 
0.09688399999868125 6.605199700001322 9000 
0.12538080000012997 9.961451499999384 10000 
