0.12034439999843016 0.06032290000075591 2 
0.00044359999992593657 0.00012510000124166254 5 
0.0002989000004163245 8.899999920686241e-05 10 
0.00031540000054519624 8.939999861468095e-05 20 
0.00040970000009110663 9.42999995459104e-05 40 
0.00041009999949892517 9.189999946102034e-05 50 
0.0005242000006546732 9.369999861519318e-05 80 
0.0006089999988034833 9.510000018053688e-05 100 
0.0008536000004824018 9.59999997576233e-05 150 
0.0011556999997992534 9.700000009615906e-05 200 
0.00211459999991348 0.00010509999992791563 300 
0.004989400000340538 0.00012450000031094532 500 
0.01951999999982945 0.0001799000001483364 1000 
0.04157800000029965 0.00017219999972439837 1500 
0.07073900000068534 0.00018939999972644728 2000 
0.10931090000121912 0.00021799999922222923 2500 
0.14971429999968677 0.00033289999919361435 3000 
0.26755770000090706 0.0003166999995301012 4000 
0.4086502999998629 0.0004576999999699183 5000 
0.5855386000002909 0.00041170000076817814 6000 
1.0359285000013188 0.00045619999946211465 8000 
1.3105102999998053 0.0005013999998482177 9000 
1.5965732999993634 0.0005281000012473669 10000 
0.00032420000025012996 9.350000073027331e-05 2 
0.00028000000020256266 8.779999916441739e-05 5 
0.0002845999988494441 8.800000068731606e-05 10 
0.00030949999927543104 8.890000026440248e-05 20 
0.0003679000001284294 9.079999836103525e-05 40 
0.0004033999994135229 9.160000081465114e-05 50 
0.0005153000001882901 9.88000010693213e-05 80 
0.0006119000008766307 0.00010010000005422626 100 
0.0008641000003990484 9.899999895424116e-05 150 
0.001173100001324201 9.719999980006833e-05 200 
0.0019327000009070616 0.00010059999840450473 300 
0.004844600000069477 0.00011989999984507449 500 
0.018132799999875715 0.00015040000107546803 1000 
0.03866259999995236 0.00018760000057227444 1500 
0.0706718000001274 0.00018790000103763305 2000 
0.10512169999856269 0.00020810000023629982 2500 
0.1573819999994157 0.0002548000011302065 3000 
0.26386599999932514 0.00030470000092464034 4000 
0.4120703999997204 0.00036079999881621916 5000 
0.583483200000046 0.0003865999988192925 6000 
1.044142800001282 0.000461199999335804 8000 
1.306409299999359 0.0004948000005242648 9000 
1.6025817999998253 0.0005327999988367083 10000 
0.0003207000008842442 9.130000034929253e-05 2 
0.000283800000033807 8.930000149121042e-05 5 
0.00029089999952702783 8.920000072976109e-05 10 
0.00031369999851449393 8.81000014487654e-05 20 
0.0003705000017362181 9.049999971466605e-05 40 
0.0004014999994979007 9.070000123756472e-05 50 
0.0005196000001888024 9.280000085709617e-05 80 
0.0005928999999014195 9.649999992689118e-05 100 
0.0008433000002696645 9.490000047662761e-05 150 
0.001153100000010454 9.860000136541203e-05 200 
0.0019611000006989343 0.00010130000009667128 300 
0.004777900001499802 0.00012090000018361025 500 
0.01806410000062897 0.00014989999908721074 1000 
0.03888999999981024 0.00017050000133167487 1500 
0.06863040000098408 0.0001940000001923181 2000 
0.10506410000016331 0.00021050000032118987 2500 
0.15226240000083635 0.00022370000078808516 3000 
0.26277010000012524 0.0003357999994477723 4000 
0.41312400000060734 0.00036409999847819563 5000 
0.5866814000000886 0.00038920000042708125 6000 
1.0553650000001653 0.0004828000000998145 8000 
1.311821899998904 0.0005009000014979392 9000 
1.5935417000000598 0.0005271000009088311 10000 
0.0003240000005462207 9.089999912248459e-05 2 
0.0003536000003805384 0.0001381999991281191 5 
0.0004042000000481494 0.00012209999840706587 10 
0.0004302000015741214 0.00012489999971876387 20 
0.0005466000002343208 0.00014399999963643495 40 
0.0006090999995649327 0.00013629999921249691 50 
0.00076699999954144 0.00014850000115984585 80 
0.0009047999992617406 0.00015379999967990443 100 
0.0012342999998509185 0.00015470000107598025 150 
0.0016751000002841465 0.00015560000065306667 200 
0.003222999999707099 0.00016200000027311035 300 
0.005189100000279723 0.00013029999900027178 500 
0.018164499999329564 0.00015489999896090012 1000 
0.04406089999974938 0.00018620000082592014 1500 
0.07404979999955685 0.0002684999999473803 2000 
0.11093090000031225 0.00024339999981748406 2500 
0.14969290000044566 0.00026360000083514024 3000 
0.2654629999997269 0.00030140000126266386 4000 
0.4184905999991315 0.00037630000042554457 5000 
0.598839099999168 0.00038189999941096175 6000 
1.0357199999998556 0.00047050000102899503 8000 
1.3040364000007685 0.0005298999985825503 9000 
1.5877571000000898 0.000514199999088305 10000 
0.00034020000020973384 9.660000068834051e-05 2 
0.0002752999989752425 8.830000115267467e-05 5 
0.0002848999993148027 8.770000022195745e-05 10 
0.0003133999998681247 8.720000005268957e-05 20 
0.000378400000045076 8.86999987415038e-05 40 
0.0003966000003856607 8.909999996831175e-05 50 
0.0005055000001448207 9.160000081465114e-05 80 
0.0005894999994779937 9.4600000011269e-05 100 
0.0008354000001418171 9.370000043418258e-05 150 
0.001156000000264612 9.559999853081536e-05 200 
0.001942599999892991 0.00010300000030838419 300 
0.005098499999803607 0.00013169999874662608 500 
0.018241100000523147 0.0001511999998911051 1000 
0.039310699999987264 0.00018000000090978574 1500 
0.07075369999984105 0.00018789999921864364 2000 
0.10506150000037451 0.00021600000036414713 2500 
0.15277179999975488 0.0003660000002128072 3000 
0.271711299999879 0.00031409999974130187 4000 
0.4125879999992321 0.0003854000005958369 5000 
0.6133135000000038 0.0003941000013583107 6000 
1.0387676999998803 0.0004595000009430805 8000 
1.3154445000000123 0.0004852999991271645 9000 
1.6028100000003178 0.0005323999994288897 10000 
0.0003206999990652548 9.060000047611538e-05 2 
0.00027460000092105474 8.680000064487103e-05 5 
0.0002867999992304249 8.650000017951243e-05 10 
0.0003085000007558847 8.689999958733097e-05 20 
0.00036610000097425655 9.189999946102034e-05 40 
0.0004005999999208143 8.949999937613029e-05 50 
0.0005099000009067822 9.189999946102034e-05 80 
0.0005928999999014195 9.350000073027331e-05 100 
0.0008471000001009088 9.690000115369912e-05 150 
0.0011408999998820946 9.829999908106402e-05 200 
0.0019707000010384945 0.00010479999946255703 300 
0.005054699999163859 0.00013070000022707973 500 
0.018200800001068274 0.0001503000003140187 1000 
0.03932920000079321 0.00017069999921659473 1500 
0.06849870000041847 0.00019729999985429458 2000 
0.10433369999918796 0.00023700000019744039 2500 
0.14968620000036026 0.0002714000002015382 3000 
0.26407120000112627 0.0003312999997433508 4000 
0.4217378000012104 0.0003673999999591615 5000 
0.5837137999988045 0.0004005999999208143 6000 
1.0428432999997312 0.00045309999950404745 8000 
1.320528899999772 0.0005125999996380415 9000 
1.6056935000015073 0.0005142999998497544 10000 
0.00031769999986863695 9.12000014068326e-05 2 
0.000346200000421959 8.940000043367036e-05 5 
0.0002843999991455348 8.650000017951243e-05 10 
0.0003090999998676125 8.8099999629776e-05 20 
0.00036860000000160653 9.040000077220611e-05 40 
0.0003987000000051921 8.960000013757963e-05 50 
0.0005045999987487448 9.300000056100544e-05 80 
0.0006088999998610234 9.409999984200113e-05 100 
0.0008470000011584489 9.499999941908754e-05 150 
0.001147000000855769 9.669999963080045e-05 200 
0.0019577000002755085 0.00010370000018156134 300 
0.004868899999564746 0.0001260999997612089 500 
0.018253100000947597 0.00015309999980672728 1000 
0.038703300000634044 0.00017180000031657983 1500 
0.07042220000039379 0.00026989999969373457 2000 
0.10684089999995194 0.00020349999977042899 2500 
0.15284720000090601 0.00024929999926825985 3000 
0.26022699999884935 0.0003221000006305985 4000 
0.40722009999990405 0.0003567000003386056 5000 
0.6017964999991818 0.000377200000002631 6000 
1.0440187000003789 0.00045709999903920107 8000 
1.2971476999991864 0.0004936000004818197 9000 
1.6060093999985838 0.0005169000014575431 10000 
0.00031510000007983763 9.159999899566174e-05 2 
0.0002706000013859011 8.639999941806309e-05 5 
0.0002799000012601027 8.589999924879521e-05 10 
0.0003049000006285496 8.580000030633528e-05 20 
0.00036100000033911783 8.890000026440248e-05 40 
0.0003972000013163779 8.969999908003956e-05 50 
0.000497499999255524 9.110000064538326e-05 80 
0.0005923000007896917 9.349999891128391e-05 100 
0.000843699999677483 9.500000123807695e-05 150 
0.0011452999988250667 9.59999997576233e-05 200 
0.0019236999996792292 9.959999988495838e-05 300 
0.005527799999981653 0.00011860000086016953 500 
0.01802490000045509 0.00015100000018719584 1000 
0.03866020000168646 0.00016839999989315402 1500 
0.06930749999992258 0.0002113999998982763 2000 
0.10504649999893445 0.0002044000011665048 2500 
0.14886930000102438 0.00024370000028284267 3000 
0.27033769999979995 0.00027570000020205043 4000 
0.4101137999987259 0.00035260000004200265 5000 
0.5882442000001902 0.00038409999979194254 6000 
1.0411090000015975 0.00044859999979962595 8000 
1.3140962000015861 0.0004818999987037387 9000 
1.5985628999987966 0.0005969000012555625 10000 
0.00033540000003995374 9.399999908055179e-05 2 
0.00028960000054212287 9.11999995878432e-05 5 
0.00029150000045774505 8.879999950295314e-05 10 
0.00030950000109442044 9.15000000532018e-05 20 
0.0005299999993439997 0.00015690000145696104 40 
0.0006054000004951376 9.750000026542693e-05 50 
0.0005209999999351567 9.680000039224979e-05 80 
0.0006175999988045078 9.980000140785705e-05 100 
0.0008619000000180677 9.920000047713984e-05 150 
0.0011653999990812736 9.700000009615906e-05 200 
0.0019656999993458157 0.00010440000005473848 300 
0.004822500000955188 0.00012339999921096023 500 
0.018520100000387174 0.00015419999908772297 1000 
0.04367180000008375 0.00017289999959757552 1500 
0.06762259999959497 0.00018480000107956585 2000 
0.10690020000038203 0.00021070000002509914 2500 
0.15508310000041092 0.000298099999781698 3000 
0.26471420000052603 0.0003218000001652399 4000 
0.4174801999997726 0.00034760000016831327 5000 
0.5830298999990191 0.0003863000001729233 6000 
1.0468335999994451 0.0004668000001402106 8000 
1.3172576000015397 0.0004933999989589211 9000 
1.6202596000002814 0.0005261999995127553 10000 
0.0003192000003764406 9.110000064538326e-05 2 
0.00027349999982106965 8.639999941806309e-05 5 
0.0002872000004572328 8.709999929124024e-05 10 
0.00030610000067099463 8.659999912197236e-05 20 
0.0003665000003820751 8.949999937613029e-05 40 
0.00040049999915936496 9.01000003068475e-05 50 
0.0005043999990448356 9.239999963028822e-05 80 
0.0005939000002399553 9.349999891128391e-05 100 
0.0008448000007774681 9.59999997576233e-05 150 
0.00119270000141114 9.829999908106402e-05 200 
0.0019494999996823026 0.00010069999916595407 300 
0.004986100000678562 0.0001283999990846496 500 
0.018367999999099993 0.00015150000035646372 1000 
0.039281800000026124 0.00017010000010486692 1500 
0.06751590000021679 0.0001903000011225231 2000 
0.10807019999992917 0.0002702000001590932 2500 
0.15328100000078848 0.00022779999926569872 3000 
0.2636658000010357 0.0002960999991046265 4000 
0.4136751000005461 0.00038689999928465113 5000 
0.5910378000007768 0.00037319999864848796 6000 
1.0491607000003569 0.00045479999971576035 8000 
1.3234207000004972 0.0005361999992601341 9000 
1.6058649000005971 0.0005306000002747169 10000 
