9.970000007797353e-05 2 
2.9199999971751822e-05 5 
0.00024450000000797445 10 
0.0009905000000571818 20 
0.0011660000000119908 40 
0.0018888000000742977 50 
0.0033188999999538282 70 
0.0047746999999844775 100 
0.015545699999961471 400 
0.06164130000001933 800 
0.1914923000000499 1500 
0.3363044999999829 2000 
0.556139700000017 2500 
3.769664399999897 5000 
6.41787290000002 6000 
0.021984299999985524 2 
8.009999999103457e-05 5 
8.780000007391209e-05 10 
0.00018109999996340775 20 
0.0012244000000691813 40 
0.002358100000037666 50 
0.0033009999999649153 70 
0.005959299999972245 100 
0.02948550000007799 400 
0.05445710000003601 800 
0.19982489999995323 1500 
0.3346043000000236 2000 
0.5868914000000132 2500 
3.713744399999996 5000 
6.722442399999977 6000 
0.018593299999906776 2 
6.840000003194291e-05 5 
0.00012960000003658934 10 
0.00028220000001510925 20 
0.0009326000000555723 40 
0.001137499999913416 50 
0.0028744000001097447 70 
0.006190799999899355 100 
0.028671499999973094 400 
0.060457199999973454 800 
0.1997043000000076 1500 
0.34550609999996595 2000 
0.5636054999999942 2500 
3.8874624999999696 5000 
6.647550600000045 6000 
0.018752300000073774 2 
6.970000004002941e-05 5 
0.00012089999995623657 10 
0.0005126999999447435 20 
0.0007415000000037253 40 
0.0018804999999701977 50 
0.0046406999999817344 70 
0.0049172000000226035 100 
0.02979609999999866 400 
0.054504599999972925 800 
0.1937514999999621 1500 
0.3529237000000194 2000 
0.5838771999999608 2500 
3.7958306999998968 5000 
6.970683800000074 6000 
0.020156300000053307 2 
7.330000005367765e-05 5 
8.090000005722686e-05 10 
0.0002171999999518448 20 
0.000844499999971049 40 
0.0017824000000246087 50 
0.0038834999999153297 70 
0.0059758999999530715 100 
0.02463019999993321 400 
0.05663570000001528 800 
0.20869179999999687 1500 
0.4290551999999934 2000 
0.790748600000029 2500 
4.453538699999967 5000 
7.190626400000042 6000 
0.021005999999943015 2 
7.619999996677507e-05 5 
9.430000000065775e-05 10 
0.00025589999995645485 20 
0.0024981000000252607 40 
0.0022266000000854547 50 
0.003949799999986681 70 
0.004882999999949789 100 
0.022909099999992577 400 
0.05307760000005146 800 
0.20697979999999916 1500 
0.40009410000004664 2000 
0.734441600000082 2500 
4.646216699999968 5000 
7.813460700000064 6000 
0.018552699999986544 2 
6.739999992078083e-05 5 
8.079999997789855e-05 10 
0.00018340000008265633 20 
0.000894300000027215 40 
0.0019838000000618194 50 
0.002286799999978939 70 
0.0049691000000393615 100 
0.030351999999993495 400 
0.0607930999999553 800 
0.2008038999999826 1500 
0.36491430000000946 2000 
0.716357300000027 2500 
4.5037761999999475 5000 
7.609894000000054 6000 
0.020626999999990403 2 
7.300000004306639e-05 5 
0.0003930000000309519 10 
0.0006352999999990061 20 
0.0014283000000432367 40 
0.0014403000000129396 50 
0.002396500000031665 70 
0.00614630000006855 100 
0.027163699999960045 400 
0.05384659999992891 800 
0.19578169999999773 1500 
0.37454330000002756 2000 
0.615812300000016 2500 
4.2882415000000265 5000 
7.514290100000039 6000 
0.018530000000055225 2 
6.809999990764481e-05 5 
0.00011459999996077386 10 
0.0003610999999636988 20 
0.0013708999999835214 40 
0.0019150000000536238 50 
0.00276259999998274 70 
0.004931299999952898 100 
0.027035899999987123 400 
0.05791790000000674 800 
0.19553000000007614 1500 
0.33868459999996503 2000 
0.596443200000067 2500 
4.411732400000005 5000 
7.917405400000007 6000 
0.019739000000072338 2 
7.149999999001011e-05 5 
0.00011289999997643463 10 
0.0002653999999893131 20 
0.00145410000004631 40 
0.002234199999975317 50 
0.0033615999999483392 70 
0.0060185999999475825 100 
0.035629499999913605 400 
0.05910429999994449 800 
0.2039914999999155 1500 
0.3751600000000508 2000 
0.6115740000000187 2500 
4.633117200000015 5000 
7.876099499999896 6000 
