8.509999997841078e-05 2 
3.409999999348656e-05 5 
0.0003916999999091786 10 
0.001308800000060728 20 
0.002583599999979924 40 
0.002547400000366906 50 
0.0020093999996788625 70 
0.00330809999968551 100 
0.014926400000149442 400 
0.043944399999872985 800 
0.12776759999997012 1500 
0.24881989999994403 2000 
0.3767840000000433 2500 
2.1810135000000628 5000 
3.5691588999998203 6000 
0.008972999999969034 2 
6.08000000283937e-05 5 
0.00014640000017607235 10 
0.00036110000019107247 20 
0.0018546999999671243 40 
0.0033306000000266067 50 
0.004099499999938416 70 
0.007940299999972922 100 
0.028192700000090554 400 
0.04980620000014824 800 
0.1358405999999377 1500 
0.25143779999962135 2000 
0.3811427000000549 2500 
2.145339899999726 5000 
3.5464461999999912 6000 
0.008942299999944225 2 
5.850000025020563e-05 5 
0.0001374999997096893 10 
0.0003728000001501641 20 
0.0016633000000183529 40 
0.0021590999999716587 50 
0.0029904000002716202 70 
0.007411099999899307 100 
0.03273940000008224 400 
0.04954750000024433 800 
0.12906110000039916 1500 
0.23893630000020494 2000 
0.4046985999998469 2500 
2.115758800000094 5000 
3.555396700000074 6000 
0.0100827000001118 2 
7.840000034775585e-05 5 
0.00012329999981375295 10 
0.0002480000002833549 20 
0.0009731999998621177 40 
0.0020516999998108076 50 
0.003535599999850092 70 
0.006541000000197528 100 
0.03009380000003148 400 
0.047405499999968015 800 
0.13394000000016604 1500 
0.241917100000137 2000 
0.3775874000002659 2500 
2.119327500000054 5000 
3.5411761999998816 6000 
0.008915599999909318 2 
5.529999998543644e-05 5 
0.0004926999999952386 10 
0.0009197999997923034 20 
0.001026099999762664 40 
0.0014315999997052131 50 
0.004010999999991327 70 
0.00683870000011666 100 
0.029630900000029214 400 
0.04699980000032156 800 
0.12838190000002214 1500 
0.24881569999979547 2000 
0.377640799999881 2500 
2.139798299999711 5000 
3.5526592000001074 6000 
0.009114799999679235 2 
6.619999976464896e-05 5 
0.00040200000012191595 10 
0.0005655999998452899 20 
0.0015920000000733125 40 
0.0018359000000600645 50 
0.003212699999949109 70 
0.005942299999787792 100 
0.03210799999988012 400 
0.046836000000439526 800 
0.13223440000001574 1500 
0.2431323999999222 2000 
0.3728326999998899 2500 
2.1120128000002296 5000 
3.58316509999986 6000 
0.010024699999576114 2 
7.229999982882873e-05 5 
0.00011150000000270666 10 
0.00023390000023937318 20 
0.0012174999997114355 40 
0.002683600000182196 50 
0.003542500000094151 70 
0.005573400000230322 100 
0.033092799999849376 400 
0.04725559999997131 800 
0.1288038000002416 1500 
0.23935419999997976 2000 
0.3866204999999354 2500 
2.145344699999896 5000 
3.5802920000000995 6000 
0.009977100000014616 2 
6.410000014511752e-05 5 
0.00040510000007998315 10 
0.0006109999999353022 20 
0.001865899999756948 40 
0.0026166000002376677 50 
0.002823499999976775 70 
0.006983400000081019 100 
0.03593799999998737 400 
0.04791190000014467 800 
0.12887989999990168 1500 
0.24864479999996547 2000 
0.4146357999998145 2500 
2.120633600000019 5000 
3.7118273999999474 6000 
0.009862400000201887 2 
9.67000000855478e-05 5 
0.00012659999993047677 10 
0.00026900000011664815 20 
0.0017582000000402331 40 
0.002338199999940116 50 
0.003942100000131177 70 
0.006208000000242464 100 
0.027799400000276364 400 
0.049627700000201 800 
0.13310999999976048 1500 
0.24184799999966344 2000 
0.3857805000002372 2500 
2.1876547000001665 5000 
3.7271467000000484 6000 
0.010267599999679078 2 
6.660000008196221e-05 5 
0.00014479999981631408 10 
0.00033140000005005277 20 
0.0015676999996685481 40 
0.001790199999959441 50 
0.003913900000043213 70 
0.006203399999776593 100 
0.03174619999981587 400 
0.050017600000046514 800 
0.1351943000004212 1500 
0.24756849999994301 2000 
0.3883413999997174 2500 
2.2380071000002317 5000 
3.799960999999712 6000 
