0.0001480999999330379 2 
6.269999994401587e-05 5 
5.9199999896009103e-05 10 
0.00035359999992579105 20 
0.0009497999999439344 40 
0.0008392999998250161 50 
0.0006068000000141183 70 
0.00042030000008708157 100 
0.0025288000001637556 400 
0.009528799999998228 800 
0.04559160000007978 1500 
0.10700999999994565 2000 
0.20749630000000252 2500 
1.0758037999999033 5000 
1.6765298999998777 6000 
0.00010010000005422626 2 
3.7400000110210385e-05 5 
3.4499999856052455e-05 10 
0.00033849999999802094 20 
0.000977100000000064 40 
0.0008888999998362124 50 
0.0007107999999789172 70 
0.0004688000001351611 100 
0.0024439000001166278 400 
0.009033199999976205 800 
0.04302340000003824 1500 
0.10422379999999976 2000 
0.18610389999980725 2500 
1.0554506000000856 5000 
1.6617620000001807 6000 
9.470000009059731e-05 2 
3.7199999951553764e-05 5 
3.3599999824218685e-05 10 
0.00030790000005254115 20 
0.0006937000000561966 40 
0.0006223999998837826 50 
0.0009210999999140768 70 
0.0006888000000344618 100 
0.002661900000020978 400 
0.00900750000005246 800 
0.043082599999934246 1500 
0.10290770000005978 2000 
0.18504519999987679 2500 
1.0213759000000664 5000 
1.6638835999999628 6000 
9.469999986322364e-05 2 
3.4700000014709076e-05 5 
3.1499999977313564e-05 10 
0.0003013000000464672 20 
0.0007649000001492823 40 
0.000729599999885977 50 
0.0007288000001608452 70 
0.0007723999999598163 100 
0.0023922999998831074 400 
0.008899000000155866 800 
0.04292859999986831 1500 
0.10282389999997577 2000 
0.1854011000000355 2500 
1.0212314000000333 5000 
1.6738788000000113 6000 
0.00011150000000270666 2 
3.46999997873354e-05 5 
3.120000019407598e-05 10 
0.0002690999999686028 20 
0.0008938999999372754 40 
0.001067700000021432 50 
0.0010129999998298445 70 
0.0005653000000620523 100 
0.002434700000094381 400 
0.008890699999938079 800 
0.04261239999982536 1500 
0.10508309999977428 2000 
0.1890717000001132 2500 
1.0171020999998746 5000 
1.657592300000033 6000 
9.910000017043785e-05 2 
3.5600000046542846e-05 5 
3.2899999951041536e-05 10 
0.0002316999998583924 20 
0.0008161000000654894 40 
0.0008660999999392516 50 
0.000566400000025169 70 
0.0003991000000951317 100 
0.002448700000059034 400 
0.008870000000115397 800 
0.041742699999986144 1500 
0.10322269999983291 2000 
0.18703129999994417 2500 
1.0319191999999475 5000 
1.655058199999985 6000 
0.00012689999994108803 2 
3.9499999957115506e-05 5 
3.390000006220362e-05 10 
0.0002286999999796535 20 
0.0006318000000646862 40 
0.000501800000165531 50 
0.0007105999998202606 70 
0.0007338000000345346 100 
0.002383999999892694 400 
0.008951999999908367 800 
0.042535900000075344 1500 
0.10398300000019844 2000 
0.19313430000011067 2500 
1.0444750000001477 5000 
1.6608717999999953 6000 
0.00010090000000673172 2 
3.6399999999048305e-05 5 
3.349999997226405e-05 10 
0.00028890000021419837 20 
0.0008247999999184685 40 
0.0006768999999167136 50 
0.000699700000041048 70 
0.0008880999998837069 100 
0.002658299999893643 400 
0.008889099999805694 800 
0.04388010000002396 1500 
0.10445770000001176 2000 
0.20527070000002823 2500 
1.0269751000000724 5000 
1.6710467000000335 6000 
9.75999998900079e-05 2 
3.4700000014709076e-05 5 
3.1499999977313564e-05 10 
0.00030220000007830095 20 
0.0009354999999686697 40 
0.0008362000000943226 50 
0.0009486999999808177 70 
0.0008834000000206288 100 
0.002449800000022151 400 
0.009110299999974814 800 
0.043584500000179105 1500 
0.10316230000012183 2000 
0.18828080000002956 2500 
1.0632827999997971 5000 
1.7350375000000895 6000 
0.00011619999986578478 2 
3.700000002027082e-05 5 
3.28000000990869e-05 10 
0.00021989999981997244 20 
0.0004790999998931511 40 
0.0003185999999004707 50 
0.00045579999982692243 70 
0.0004460000000108266 100 
0.0026074000002154207 400 
0.011687799999890558 800 
0.043698900000208596 1500 
0.1038248999998359 2000 
0.1925463000000036 2500 
1.0332822000000306 5000 
1.6782368000001497 6000 
