9.260000001631852e-05 2 
3.689999994094251e-05 5 
0.00032759999999143474 10 
0.001402399999960835 20 
0.0021861999999828186 40 
0.005398799999966286 50 
0.0034977999999910026 70 
0.0046740000000227155 100 
0.013681000000019594 400 
0.024690899999995963 800 
0.085129400000028 1500 
0.18296280000004117 2000 
0.27645110000003115 2500 
1.7721879000000627 5000 
3.0179162999999107 6000 
0.00011050000000523141 2 
3.6399999999048305e-05 5 
0.00024559999997109117 10 
0.0009244000000308006 20 
0.002042200000005323 40 
0.0012077000000090266 50 
0.0017272000000048138 70 
0.0032693999999082735 100 
0.016339600000037535 400 
0.03120769999998174 800 
0.0926864000000478 1500 
0.18494590000000244 2000 
0.2804509999999709 2500 
1.7226030000000492 5000 
3.0488232000000153 6000 
0.00011610000001383014 2 
3.7300000030882074e-05 5 
0.00036810000005971233 10 
0.0011287999999467502 20 
0.0006542999999510357 40 
0.0010313999999880252 50 
0.0021419000000832966 70 
0.004073100000027807 100 
0.01575809999997091 400 
0.02793860000008408 800 
0.09692880000000059 1500 
0.18329979999998613 2000 
0.2980992000000242 2500 
1.7900691000000961 5000 
2.873759599999971 6000 
0.00010520000000724394 2 
3.8600000038968574e-05 5 
0.00026260000004185713 10 
0.001090999999973974 20 
0.0015143000000534812 40 
0.0017000000000280124 50 
0.00242219999995541 70 
0.004369600000018181 100 
0.012751100000059523 400 
0.0243167999999514 800 
0.08281120000003739 1500 
0.17601160000003802 2000 
0.2923891000000367 2500 
1.7420545999999604 5000 
2.829270700000052 6000 
0.0001164000000244414 2 
3.570000001218432e-05 5 
0.00028449999990698416 10 
0.0010993999999300286 20 
0.002104700000018056 40 
0.004047399999990375 50 
0.0017069999998966523 70 
0.005108399999926405 100 
0.016163699999992787 400 
0.025466499999993175 800 
0.08914149999998244 1500 
0.1757738999999674 2000 
0.2755670999999893 2500 
1.748445400000037 5000 
2.8429426999999805 6000 
0.00010009999994053942 2 
3.569999989849748e-05 5 
0.0003447000000278422 10 
0.001174800000057985 20 
0.003709500000013577 40 
0.0017943999999943117 50 
0.0021770000000742584 70 
0.0036701999999877444 100 
0.014335000000073705 400 
0.026437899999905312 800 
0.0966972999999598 1500 
0.165251200000057 2000 
0.2734308999999939 2500 
1.6979142999999794 5000 
2.9580082999999604 6000 
0.00010659999998097192 2 
3.609999998843705e-05 5 
0.000327200000015182 10 
0.0009117999999261883 20 
0.003315799999995761 40 
0.0017970999999761261 50 
0.007183400000030815 70 
0.00798280000003615 100 
0.012407100000018545 400 
0.029805600000031518 800 
0.0894528999999693 1500 
0.18295840000007502 2000 
0.3033178000000589 2500 
1.7174171999999999 5000 
2.817478899999969 6000 
9.729999999308347e-05 2 
3.559999993285601e-05 5 
0.0003285000000232685 10 
0.0009943999999677544 20 
0.0019029000000045926 40 
0.0014251000000058411 50 
0.002001599999971404 70 
0.00456999999994423 100 
0.01618350000001101 400 
0.02542459999995117 800 
0.08250999999995656 1500 
0.16460970000002817 2000 
0.2977440999999317 2500 
1.9433528999999226 5000 
2.802788200000009 6000 
0.00010579999991477962 2 
3.760000004149333e-05 5 
0.0002791999999089967 10 
0.0010688999999501902 20 
0.0009742999999389212 40 
0.0014531999999007894 50 
0.0016581999999516484 70 
0.003752899999994952 100 
0.013678700000014032 400 
0.029437600000051134 800 
0.08803310000007514 1500 
0.17630739999992784 2000 
0.30084629999998924 2500 
1.727098000000069 5000 
2.86098149999998 6000 
0.0001098999999840089 2 
3.8200000062715844e-05 5 
0.00039659999993091333 10 
0.0010095000000092114 20 
0.0017871000000013737 40 
0.0018400999999812484 50 
0.0017066999999997279 70 
0.0027534999999261345 100 
0.01270369999997456 400 
0.0239748999999847 800 
0.09887609999998404 1500 
0.166184899999962 2000 
0.27591400000005706 2500 
1.7290768999999955 5000 
2.810326199999963 6000 
