8.66999998834217e-05 2 
3.5399999887886224e-05 5 
3.270000001975859e-05 10 
0.00031879999983175367 20 
0.0008765999998558982 40 
0.0007768000000396569 50 
0.0007857999999032472 70 
0.0006283000000166794 100 
0.003225500000098691 400 
0.012407100000018545 800 
0.05002869999998438 1500 
0.11776929999996355 2000 
0.22404849999998078 2500 
1.204462299999932 5000 
1.8716461999999865 6000 
0.00011549999999260763 2 
3.600000013648241e-05 5 
3.300000003036985e-05 10 
0.00014480000004368776 20 
0.0002915000000029977 40 
0.0003194999999323045 50 
0.00036550000004353933 70 
0.0006773000000066531 100 
0.0029233999998723448 400 
0.011530600000014601 800 
0.05067209999992883 1500 
0.11882530000002589 2000 
0.20497580000005655 2500 
1.1361813999999413 5000 
1.8393902999998772 6000 
0.00010429999997541017 2 
3.649999985100294e-05 5 
3.3300000040981104e-05 10 
0.0002557000000251719 20 
0.0008288999999876978 40 
0.0008447999998679734 50 
0.0006862000000182888 70 
0.00039680000008956995 100 
0.0028465000000323926 400 
0.011334900000065318 800 
0.050484000000096785 1500 
0.11710210000001098 2000 
0.215365600000041 2500 
1.1564860000000863 5000 
1.8787333999998737 6000 
0.0001037999998061423 2 
3.429999992476951e-05 5 
3.169999990859651e-05 10 
0.0003739999999652355 20 
0.0010597000000416301 40 
0.001021199999968303 50 
0.00068320000013955 70 
0.0007619999998951243 100 
0.0030678999999054213 400 
0.011172100000067076 800 
0.050690900000063266 1500 
0.11685250000004999 2000 
0.20780880000006619 2500 
1.1352603000000272 5000 
1.8697579000001951 6000 
0.00010769999994408863 2 
3.510000010464864e-05 5 
3.309999988232448e-05 10 
0.0002961000000141212 20 
0.0007843999999295193 40 
0.0007898000001205219 50 
0.0007227999999486201 70 
0.0005934000000706874 100 
0.002897300000086034 400 
0.011428199999954813 800 
0.05374499999993532 1500 
0.11724669999989601 2000 
0.22095100000001366 2500 
1.1437541999998757 5000 
1.8460199999999531 6000 
0.0001064999999016436 2 
3.510000010464864e-05 5 
3.249999986110197e-05 10 
0.0001807999999527965 20 
0.0006999999998242856 40 
0.0007614000001012755 50 
0.000815100000181701 70 
0.0006174000000100932 100 
0.0030544000001100358 400 
0.01117959999987761 800 
0.05085489999987658 1500 
0.11832449999997152 2000 
0.20691120000014962 2500 
1.1753287999999884 5000 
1.8257347000001118 6000 
0.00010009999982685258 2 
3.5700000125871156e-05 5 
3.23000001571927e-05 10 
0.00025340000001961016 20 
0.0007474999999885767 40 
0.0007598000001962646 50 
0.0008069999998951971 70 
0.0006109000000833475 100 
0.0028750000001309672 400 
0.011188299999957962 800 
0.05092179999996915 1500 
0.11609010000006492 2000 
0.20591719999993074 2500 
1.1376295999998547 5000 
1.867082400000072 6000 
0.00010489999999663269 2 
3.620000006776536e-05 5 
3.360000005159236e-05 10 
0.00032439999995403923 20 
0.001269900000124835 40 
0.0005180000000564178 50 
0.00041239999995923426 70 
0.0006283000000166794 100 
0.0029139000000668602 400 
0.011169999999992797 800 
0.050302300000112155 1500 
0.11698980000005577 2000 
0.20474749999993946 2500 
1.1748290999998972 5000 
1.8392918000001828 6000 
0.00010659999998097192 2 
3.620000006776536e-05 5 
3.2500000088475645e-05 10 
0.00016619999996692059 20 
0.00041450000003351306 40 
0.00032820000001265726 50 
0.0005231000000094355 70 
0.00041590000000724103 100 
0.002943299999969895 400 
0.011448999999856824 800 
0.051467900000034206 1500 
0.11760099999992235 2000 
0.2080974000000424 2500 
1.143820499999947 5000 
1.847684500000014 6000 
9.799999997994746e-05 2 
3.310000010969816e-05 5 
3.0299999934868538e-05 10 
0.00028500000007625204 20 
0.0005181999999877007 40 
0.000987500000064756 50 
0.000911300000097981 70 
0.0005341999999473046 100 
0.0028251000001091597 400 
0.011899899999889385 800 
0.053007100000058927 1500 
0.1250964999999269 2000 
0.20608139999990271 2500 
1.1608724999998685 5000 
1.8699629999998706 6000 
