8.399999978792039e-05 2 
3.860000015265541e-05 5 
0.0003094000003329711 10 
0.0008494999997310515 20 
0.0010745999998107436 40 
0.001693499999873893 50 
0.002141399999800342 70 
0.003441699999712 100 
0.016059300000051735 400 
0.0221851000001152 800 
0.08145719999993162 1500 
0.15287149999994654 2000 
0.2523525999999947 2500 
1.591294299999845 5000 
2.629269000000022 6000 
9.420000014870311e-05 2 
3.839999999399879e-05 5 
0.0002484000001459208 10 
0.0006760999999642081 20 
0.001502399999935733 40 
0.001658900000165886 50 
0.0041051000002880755 70 
0.005943299999671581 100 
0.014410799999950541 400 
0.028157700000065233 800 
0.08009230000016032 1500 
0.1536289000000579 2000 
0.25314390000039566 2500 
1.7427812000000813 5000 
2.944924599999922 6000 
0.00010169999995923718 2 
3.6699999782285886e-05 5 
0.000288899999759451 10 
0.0011423000000831962 20 
0.0020865000001322187 40 
0.0014885999999023625 50 
0.0072986000000128115 70 
0.005374599999868224 100 
0.018011699999988195 400 
0.0225721000001613 800 
0.07639449999987846 1500 
0.16250070000023698 2000 
0.25589069999978165 2500 
1.6207933000000594 5000 
2.6227241000001413 6000 
0.00010700000029828516 2 
3.97000003431458e-05 5 
0.0002979000000777887 10 
0.0008761999997659586 20 
0.0020291000000725035 40 
0.0064390999996248866 50 
0.0029119000000719097 70 
0.0048385999998572515 100 
0.014587300000130199 400 
0.022778999999900407 800 
0.07564319999983127 1500 
0.1512275000000045 2000 
0.25635959999999614 2500 
1.6183688000000984 5000 
2.654409199999918 6000 
9.799999997994746e-05 2 
3.659999993033125e-05 5 
0.00027790000012828386 10 
0.0012246999999661057 20 
0.00286710000000312 40 
0.001999400000386231 50 
0.0045599999998557905 70 
0.0050848999999288935 100 
0.014871700000185228 400 
0.024636399999963032 800 
0.07902859999967404 1500 
0.1569365000000289 2000 
0.25798699999995733 2500 
1.5684035999997832 5000 
2.633970500000032 6000 
9.660000023359316e-05 2 
9.610000006432529e-05 5 
0.00033379999968019547 10 
0.001030700000228535 20 
0.0020455000003494206 40 
0.0015533999999206571 50 
0.002361800000016956 70 
0.004051000000345084 100 
0.015106500000001688 400 
0.02254990000028556 800 
0.07383429999981672 1500 
0.15502770000011878 2000 
0.26945470000009664 2500 
1.5946622000001298 5000 
2.60957019999978 6000 
9.799999997994746e-05 2 
3.6299999919719994e-05 5 
0.00031829999988985946 10 
0.0010016000001087377 20 
0.0022372000003088033 40 
0.0033601999998609244 50 
0.002108700000007957 70 
0.004931899999974121 100 
0.012660000000323635 400 
0.02262979999977688 800 
0.07893930000000182 1500 
0.15741830000024493 2000 
0.2547994000001381 2500 
1.5832772000003388 5000 
2.611426599999959 6000 
0.00012550000019473373 2 
3.570000035324483e-05 5 
0.0004591999995682272 10 
0.001189500000236876 20 
0.004044099999646278 40 
0.0018506999999772233 50 
0.002263700000185054 70 
0.007741299999906914 100 
0.014858700000331737 400 
0.020894899999802874 800 
0.07319950000010067 1500 
0.152781799999957 2000 
0.25975130000006175 2500 
1.5749528000001192 5000 
2.616592800000035 6000 
9.799999997994746e-05 2 
3.710000009959913e-05 5 
0.0003652999998848827 10 
0.0012583000002450717 20 
0.002096400000027643 40 
0.0021329000001060194 50 
0.005016500000238011 70 
0.004648999999972148 100 
0.012913100000332633 400 
0.029300599999714905 800 
0.0741809999999532 1500 
0.15227219999997033 2000 
0.2520429000001059 2500 
1.5853167999998732 5000 
2.622990299999856 6000 
9.719999980006833e-05 2 
3.819999983534217e-05 5 
0.00036090000003241585 10 
0.0009103999996113998 20 
0.0038930999999138294 40 
0.004077699999925244 50 
0.0027101000000584463 70 
0.003534100000251783 100 
0.01222250000000713 400 
0.022051200000078097 800 
0.07852099999990969 1500 
0.15481650000037916 2000 
0.2600580000002992 2500 
1.5749863999999434 5000 
2.6299214999999094 6000 
