0.0001224999998612475 2 
4.610000019056315e-05 5 
4.460000013750687e-05 10 
0.00026430000002619636 20 
0.0011905999999726191 40 
0.0012842000001000997 50 
0.00012919999994664977 70 
0.0003987000000051921 100 
0.00670470000000023 400 
0.03025989999991907 800 
0.1027596999999787 1500 
0.19819399999983034 2000 
0.3156375000000935 2500 
1.510008000000198 5000 
2.349235599999929 6000 
0.0001007999999274034 2 
4.330000001573353e-05 5 
4.089999993084348e-05 10 
0.0002594000000044616 20 
0.0010931000001619395 40 
0.001500999999962005 50 
0.00011589999985517352 70 
0.00044079999997848063 100 
0.00641829999995025 400 
0.028238400000191177 800 
0.09656989999984944 1500 
0.1910841999999775 2000 
0.3310484999999517 2500 
1.5009600000000773 5000 
2.3121636000000763 6000 
0.00011879999988195777 2 
4.500000000007276e-05 5 
4.009999997833802e-05 10 
0.000169799999866882 20 
0.001153299999941737 40 
0.001207600000043385 50 
0.00011199999994460086 70 
0.0006849999999758438 100 
0.006705000000010841 400 
0.028086000000030253 800 
0.09647049999989576 1500 
0.1922649000000547 2000 
0.31470340000009855 2500 
1.532641300000023 5000 
2.373868299999913 6000 
0.00011410000001887965 2 
4.5800000179951894e-05 5 
4.0000000126383384e-05 10 
0.0002712999998948362 20 
0.0011151999999583495 40 
0.001271699999961129 50 
0.00011760000006688642 70 
0.0005031000000599306 100 
0.006893400000080874 400 
0.028291300000091724 800 
0.09714570000005551 1500 
0.1921889000000192 2000 
0.3222530000000461 2500 
1.750610399999914 5000 
2.3244488000000274 6000 
0.00011369999992894009 2 
4.409999996823899e-05 5 
4.059999992023222e-05 10 
0.00017909999996845727 20 
0.0010660999998890475 40 
0.0011268999999174412 50 
0.00011670000003505265 70 
0.00037079999992783996 100 
0.00664480000000367 400 
0.028133700000125828 800 
0.09503339999992022 1500 
0.19130440000003546 2000 
0.32234809999999925 2500 
1.5050183999999263 5000 
2.318203399999902 6000 
0.00011560000007193594 2 
4.459999991013319e-05 5 
4.0399999988949276e-05 10 
0.0002540999998927873 20 
0.0012627999999494932 40 
0.001402200000029552 50 
0.00011709999989761855 70 
0.0005153999998128711 100 
0.006651400000009744 400 
0.028347299999950337 800 
0.09852530000011939 1500 
0.19371139999998377 2000 
0.32398429999989276 2500 
1.5006872000001295 5000 
2.3650766999999178 6000 
0.00011029999996026163 2 
4.460000013750687e-05 5 
4.11000000895001e-05 10 
0.00024080000002868474 20 
0.001255700000001525 40 
0.0010913999999502266 50 
0.00011670000003505265 70 
0.0007450999999036867 100 
0.0070705000000543805 400 
0.02834179999990738 800 
0.09619400000019596 1500 
0.19273390000012114 2000 
0.32019050000008065 2500 
1.4890975999999227 5000 
2.320041100000026 6000 
0.00011080000012952951 2 
4.37000001056731e-05 5 
4.020000005766633e-05 10 
0.00028040000006512855 20 
0.0011925999999675696 40 
0.0011230000000068685 50 
0.00011730000005627517 70 
0.0006900999999288615 100 
0.007318199999872377 400 
0.028290699999843127 800 
0.09995470000012574 1500 
0.1930025999999998 2000 
0.31548720000000685 2500 
1.4969564000000446 5000 
2.3358464999998887 6000 
0.0001111999999920954 2 
4.350000017439015e-05 5 
4.0000000126383384e-05 10 
0.0002810999999383057 20 
0.0011976000000686327 40 
0.0011750000001029548 50 
0.00011880000010933145 70 
0.0004157999999279127 100 
0.006387200000062876 400 
0.028174999999919237 800 
0.09487379999995937 1500 
0.19152809999991405 2000 
0.3183862999999292 2500 
1.496530600000142 5000 
2.414236399999936 6000 
0.00018269999986841867 2 
5.480000004354224e-05 5 
4.5099999852027395e-05 10 
9.430000000065775e-05 20 
0.00029180000001360895 40 
0.00043979999986731855 50 
0.0001370999998471234 70 
0.00033340000004500325 100 
0.00717650000001413 400 
0.029181999999991604 800 
0.09853039999984503 1500 
0.1934552000000167 2000 
0.32989610000004177 2500 
1.5374552000000676 5000 
2.3480122000000847 6000 
