0.00010099999985868635 2 
4.409999996823899e-05 5 
4.11000000895001e-05 10 
0.0002583000000413449 20 
0.0012582000001657434 40 
0.001459300000078656 50 
0.0001216000000567874 70 
0.00045290000002751185 100 
0.007302799999933995 400 
0.030280500000117172 800 
0.10291910000000826 1500 
0.23153439999987313 2000 
0.3407230999998774 2500 
1.6752739999999449 5000 
2.672165500000119 6000 
0.0001295000001846347 2 
4.5800000179951894e-05 5 
4.3900000036956044e-05 10 
0.0001698999999462103 20 
0.0007213999999748921 40 
0.000798499999973501 50 
0.00011410000001887965 70 
0.000349900000173875 100 
0.006853500000033819 400 
0.030982199999925797 800 
0.11493419999987964 1500 
0.22492170000009537 2000 
0.3762803999998141 2500 
1.6773513999999068 5000 
2.5539212999999563 6000 
0.00011620000009315845 2 
4.350000017439015e-05 5 
3.930000002583256e-05 10 
0.00026309999998375133 20 
0.0012150000000019645 40 
0.001088700000082099 50 
0.00012090000018361025 70 
0.00045560000012301316 100 
0.007184099999903992 400 
0.03071829999998954 800 
0.10743109999998524 1500 
0.20596699999987322 2000 
0.33943599999997787 2500 
1.6167179999999917 5000 
2.5235170999999355 6000 
0.00011650000010376971 2 
4.3200000163778896e-05 5 
3.919999994650425e-05 10 
0.000273399999969115 20 
0.001223099999833721 40 
0.001557599999841841 50 
0.00011690000019370927 70 
0.0005793000000267057 100 
0.007618399999955727 400 
0.030867199999875083 800 
0.10409389999995255 1500 
0.21737979999988966 2000 
0.3366935999999896 2500 
1.616501499999913 5000 
2.5298321999998734 6000 
0.00012100000003556488 2 
4.319999993640522e-05 5 
3.999999989900971e-05 10 
0.0002632999999150343 20 
0.0011515999999573978 40 
0.0011895000000095024 50 
0.00011659999995572434 70 
0.0004547000000911794 100 
0.0073671999998623505 400 
0.03100440000002891 800 
0.10362970000005589 1500 
0.21078189999980168 2000 
0.33415400000012596 2500 
1.6098708999998053 5000 
2.5140622999999778 6000 
0.00011769999991884106 2 
4.37000001056731e-05 5 
3.979999996772676e-05 10 
0.00024999999982355803 20 
0.0011213000000225293 40 
0.0012374000000363594 50 
0.00011680000011438096 70 
0.0006238000000848842 100 
0.007549400000016249 400 
0.030777100000022983 800 
0.10400800000002164 1500 
0.2057148999999754 2000 
0.33944590000010066 2500 
1.618368000000146 5000 
2.5107348999999886 6000 
0.00011580000000321888 2 
4.309999985707691e-05 5 
3.9100000094549614e-05 10 
0.00026099999990947254 20 
0.0011776999999710824 40 
0.0016537999999854947 50 
0.00011790000007749768 70 
0.0006057999999029562 100 
0.007405500000004395 400 
0.031139799999891693 800 
0.10270139999988714 1500 
0.20584889999986444 2000 
0.35467960000005405 2500 
1.6077158999999028 5000 
2.4918608000000404 6000 
0.00011559999984456226 2 
4.7799999947528704e-05 5 
4.020000005766633e-05 10 
0.00020880000010947697 20 
0.0011412999999720341 40 
0.0011824000000615342 50 
0.0001168999999663356 70 
0.0006817999999384483 100 
0.007667599999876984 400 
0.03052560000014637 800 
0.10358989999986079 1500 
0.20551789999990433 2000 
0.3381982999999309 2500 
1.6325127000000066 5000 
2.6188853999999537 6000 
0.00013309999985722243 2 
5.519999990610813e-05 5 
3.9499999957115506e-05 10 
0.00016759999994064856 20 
0.0007345999999870401 40 
0.0005032999999912136 50 
0.00011470000004010217 70 
0.0003001999998559768 100 
0.007004699999924924 400 
0.030347899999924266 800 
0.10316360000001623 1500 
0.20612080000000788 2000 
0.3372463999999127 2500 
1.614396700000043 5000 
2.50690869999994 6000 
0.00011509999990266806 2 
4.2099999973288504e-05 5 
3.879999985656468e-05 10 
0.00016649999997753184 20 
0.00105729999995674 40 
0.0012355000001207372 50 
0.00011150000000270666 70 
0.0007246000000122876 100 
0.00750859999993736 400 
0.02990060000001904 800 
0.10391200000003664 1500 
0.20622239999988778 2000 
0.33787489999986065 2500 
1.6124514999999064 5000 
2.4873741999999766 6000 
