8.909999996831175e-05 2 
3.700000002027082e-05 5 
0.00032939999994141544 10 
0.0010362000000441185 20 
0.002313000000071952 40 
0.002070699999990211 50 
0.0021123999999872467 70 
0.004003099999977167 100 
0.016460899999970025 400 
0.02508310000007441 800 
0.08686550000004445 1500 
0.1891941000000088 2000 
0.29586540000002515 2500 
2.0876171000001023 5000 
2.938035100000093 6000 
0.00012949999995726102 2 
3.799999990405922e-05 5 
0.00027499999998781277 10 
0.0014927999999372332 20 
0.0021310000000767104 40 
0.0022554000000809538 50 
0.005474800000001778 70 
0.004533000000037646 100 
0.01360120000003917 400 
0.025382599999943523 800 
0.08281909999993786 1500 
0.16701499999999214 2000 
0.31051769999999124 2500 
1.7254617000000962 5000 
2.831452900000045 6000 
9.940000006736227e-05 2 
3.449999996973929e-05 5 
0.0004069999999956053 10 
0.001756500000055894 20 
0.003979899999990266 40 
0.002478100000075756 50 
0.003569599999991624 70 
0.00927949999993416 100 
0.012604900000042107 400 
0.0263395000000628 800 
0.08792280000000119 1500 
0.17636700000002747 2000 
0.2805590000000393 2500 
1.697003900000027 5000 
2.84847400000001 6000 
0.00010850000001028093 2 
3.849999995964026e-05 5 
0.00027899999997771374 10 
0.0009428000000752945 20 
0.001653400000009242 40 
0.0013698999999860462 50 
0.003566599999999198 70 
0.005837500000097862 100 
0.014276300000005904 400 
0.036072600000011334 800 
0.09746880000000147 1500 
0.18772730000000593 2000 
0.2979440000000295 2500 
1.7552467000000433 5000 
2.7835890000000063 6000 
9.7200000027442e-05 2 
3.519999995660328e-05 5 
0.00043249999998806743 10 
0.002844700000082412 20 
0.004214599999954771 40 
0.0020933000000695756 50 
0.0017616000000089116 70 
0.0038910000000669243 100 
0.01724289999992834 400 
0.024628799999959483 800 
0.08581519999995635 1500 
0.1643371999999772 2000 
0.27746400000000904 2500 
1.7049332000000277 5000 
2.7677426000000196 6000 
0.00010250000002542947 2 
3.5499999967214535e-05 5 
0.00032039999996413826 10 
0.0011326999999710097 20 
0.003215500000010252 40 
0.0018238000000110333 50 
0.004917999999975109 70 
0.0060928999999987354 100 
0.01723709999998846 400 
0.02606819999994059 800 
0.08318589999998949 1500 
0.16579349999994974 2000 
0.2716388000000052 2500 
1.6844829000000345 5000 
2.767922799999951 6000 
0.00010099999997237319 2 
3.540000000157306e-05 5 
0.00032180000005155307 10 
0.0011534999999867068 20 
0.0028440999999475025 40 
0.004275500000062493 50 
0.0031156000000009954 70 
0.005221200000050885 100 
0.015226299999994808 400 
0.026959900000065318 800 
0.08462329999997564 1500 
0.16989619999992556 2000 
0.28367439999999533 2500 
1.6922868999999992 5000 
2.7972222000000784 6000 
0.00010150000002795423 2 
6.740000003446767e-05 5 
0.0003543000000263419 10 
0.0011587000000190528 20 
0.004982300000051509 40 
0.004964100000051985 50 
0.002838300000007621 70 
0.0062695999999959895 100 
0.01836029999992661 400 
0.026305499999921267 800 
0.08246200000007775 1500 
0.16580229999999574 2000 
0.30086499999993066 2500 
1.6843701999999894 5000 
2.774805600000036 6000 
0.0001266000000441636 2 
3.630000003340683e-05 5 
0.0002875999999787382 10 
0.0011557999999922686 20 
0.0025404999998954736 40 
0.0026352999999517124 50 
0.00386819999994259 70 
0.00414499999999407 100 
0.015549999999961983 400 
0.02663000000006832 800 
0.08264229999997497 1500 
0.1713948999999957 2000 
0.2753677999999127 2500 
1.7040944999999965 5000 
2.827835899999968 6000 
0.0001037000000678745 2 
3.4599999935380765e-05 5 
0.00034549999998034764 10 
0.0011668999999301377 20 
0.002543699999932869 40 
0.0023644999999987704 50 
0.011490900000012516 70 
0.0045374000000037995 100 
0.014267099999983657 400 
0.029107199999998556 800 
0.08365220000007412 1500 
0.16582399999992958 2000 
0.2841816000000108 2500 
1.7122659999999996 5000 
2.8420394999999417 6000 
