8.899999988898344e-05 2 
3.890000016326667e-05 5 
0.00038519999998243293 10 
0.0011554000000160158 20 
0.002083000000084212 40 
0.0021011000001180946 50 
0.003220899999860194 70 
0.0036800999998831685 100 
0.015173400000094261 400 
0.02362560000005942 800 
0.07638380000003053 1500 
0.20512409999992087 2000 
0.27093920000015714 2500 
1.6225706999998692 5000 
2.647041000000172 6000 
9.749999981067958e-05 2 
3.9499999957115506e-05 5 
0.0003806000001986831 10 
0.0010339000000385568 20 
0.003375399999868023 40 
0.0020386999999573163 50 
0.0020410000001902517 70 
0.0034078999999564985 100 
0.01417089999995369 400 
0.023642400000198904 800 
0.08392610000009881 1500 
0.1537448999999924 2000 
0.2675738000000365 2500 
1.6491647999998804 5000 
2.619891800000005 6000 
9.650000015426485e-05 2 
3.620000006776536e-05 5 
0.00032699999997021223 10 
0.001206799999863506 20 
0.00448629999982586 40 
0.0032372999999097374 50 
0.003154700000095545 70 
0.007203600000138977 100 
0.01354259999993701 400 
0.023003199999948265 800 
0.07498609999993278 1500 
0.1554383999998663 2000 
0.26741820000006555 2500 
1.5751454999999623 5000 
2.617174900000009 6000 
9.960000011233205e-05 2 
3.749999996216502e-05 5 
0.00033810000013545505 10 
0.001410200000009354 20 
0.002493700000059107 40 
0.0037356000000272616 50 
0.0022832000001926644 70 
0.005332700000053592 100 
0.0126397999999881 400 
0.02206290000003719 800 
0.07542949999992743 1500 
0.15728300000000672 2000 
0.2619720000000143 2500 
1.5723993999999948 5000 
2.6377778999999464 6000 
0.00010180000003856549 2 
3.8099999983387534e-05 5 
0.0002947000000403932 10 
0.001103300000067975 20 
0.00265809999996236 40 
0.0076912000001811975 50 
0.005041600000140534 70 
0.003180900000188558 100 
0.012262599999985468 400 
0.0217801999999665 800 
0.07541029999993043 1500 
0.15178849999983868 2000 
0.27115619999995033 2500 
1.6081366999999318 5000 
2.652922000000217 6000 
0.00010439999982736481 2 
4.99000000218075e-05 5 
0.0002962000000934495 10 
0.0012361000001419598 20 
0.0026220999998258776 40 
0.0021873999999115767 50 
0.0026622000000315893 70 
0.005504199999904813 100 
0.012482099999942875 400 
0.02165770000010525 800 
0.0817747999999483 1500 
0.14989740000009988 2000 
0.2553222999999889 2500 
1.5808631999998397 5000 
2.6471404999999777 6000 
0.00013160000003153982 2 
4.080000007888884e-05 5 
0.0003322000000025582 10 
0.001116800000090734 20 
0.0022665999999844644 40 
0.0017771000000266213 50 
0.001759999999876527 70 
0.00692639999988387 100 
0.014916299999867988 400 
0.023276500000065425 800 
0.07454900000016096 1500 
0.16377409999995507 2000 
0.26447060000009515 2500 
1.597856800000045 5000 
2.623990400000139 6000 
0.00010759999986476032 2 
3.819999983534217e-05 5 
0.0002650999999787018 10 
0.0010064000000511442 20 
0.0018837000000075932 40 
0.003897300000062387 50 
0.0047597999998743035 70 
0.004405899999937901 100 
0.016242499999862048 400 
0.02406810000002224 800 
0.0808551999998599 1500 
0.1612166000002162 2000 
0.2844104000000698 2500 
1.601069999999936 5000 
2.6314339000000473 6000 
0.00010989999987032206 2 
3.790000005210459e-05 5 
0.0003140000001167209 10 
0.0013054999999440042 20 
0.0018993999999565858 40 
0.002129700000068624 50 
0.0021490000001449516 70 
0.006083900000021458 100 
0.013075399999934234 400 
0.020778800000016417 800 
0.07449780000001738 1500 
0.15770769999994627 2000 
0.2548580000000129 2500 
1.607039499999928 5000 
2.6113299000001007 6000 
0.00010059999999612046 2 
3.54000001152599e-05 5 
0.00036399999999048305 10 
0.0013241999999991094 20 
0.008359800000107498 40 
0.003744000000097003 50 
0.004004299999905925 70 
0.004135899999937465 100 
0.01859669999998914 400 
0.025311000000101558 800 
0.07717890000003536 1500 
0.15532490000009602 2000 
0.25883330000010574 2500 
1.5837470000001304 5000 
2.6538273999999547 6000 
