8.269999989352073e-05 2 
3.779999997277628e-05 5 
0.0003980999999839696 10 
0.0020912999998472515 20 
0.0040222999996331055 40 
0.00300199999992401 50 
0.0021192999997765583 70 
0.0037523000000874163 100 
0.015433800000209885 400 
0.02172629999995479 800 
0.07734309999977995 1500 
0.15928420000000187 2000 
0.27015049999999974 2500 
1.578103000000283 5000 
2.632434699999976 6000 
9.589999990566866e-05 2 
3.8100000438134884e-05 5 
0.0003077000001212582 10 
0.0012389999997139967 20 
0.0023771999999553373 40 
0.00245760000007067 50 
0.003989299999830109 70 
0.0036481000001913344 100 
0.01503180000008797 400 
0.02410310000004756 800 
0.07637789999989764 1500 
0.15370949999987715 2000 
0.25775260000000344 2500 
1.6394906000000447 5000 
2.6314637000000403 6000 
9.679999993750243e-05 2 
3.879999985656468e-05 5 
0.00036709999994855025 10 
0.0010621999999784748 20 
0.004044599999815546 40 
0.004038599999603321 50 
0.004122600000300736 70 
0.005767000000105327 100 
0.013015800000175659 400 
0.02235530000007202 800 
0.074248500000067 1500 
0.1551963000001706 2000 
0.256704400000217 2500 
1.5740152000003036 5000 
2.647764599999846 6000 
0.000137400000312482 2 
3.8099999983387534e-05 5 
0.0003905999997186882 10 
0.0007904999997663253 20 
0.0012575999999171472 40 
0.0009724999999889405 50 
0.0016480999997838808 70 
0.003326500000184751 100 
0.01628309999978228 400 
0.024103499999910127 800 
0.07704190000004019 1500 
0.14730500000041502 2000 
0.2535099000001537 2500 
1.6043736999999965 5000 
2.6264314000000013 6000 
0.00010149999980058055 2 
3.6100000215810724e-05 5 
0.00034020000020973384 10 
0.0009733000001688197 20 
0.002384500000061962 40 
0.00628099999994447 50 
0.00302560000000085 70 
0.00948870000001989 100 
0.016733299999941664 400 
0.03170570000020234 800 
0.07588890000033643 1500 
0.166413900000407 2000 
0.25378920000002836 2500 
1.5735469000001103 5000 
2.629494899999827 6000 
9.430000000065775e-05 2 
3.49000001733657e-05 5 
0.00024399999983870657 10 
0.001142800000252464 20 
0.0030452999999397434 40 
0.0027979000001323584 50 
0.0031371000000035565 70 
0.005072699999800534 100 
0.012216900000112219 400 
0.026987499999904685 800 
0.0762021000000459 1500 
0.14808769999990545 2000 
0.28471399999989444 2500 
1.6207041000002391 5000 
2.611109899999974 6000 
9.349999982077861e-05 2 
3.5600000046542846e-05 5 
0.00034419999974488746 10 
0.001683599999978469 20 
0.0017358000000058382 40 
0.001669300000230578 50 
0.005319299999882787 70 
0.005692299999736861 100 
0.014688000000205648 400 
0.023540499999853637 800 
0.07622560000027079 1500 
0.15748450000000958 2000 
0.26880000000028303 2500 
1.5791328000000249 5000 
2.6206789999996545 6000 
0.00012749999996231054 2 
3.509999987727497e-05 5 
0.0003314999999020074 10 
0.0011715999999069027 20 
0.0023596000000907225 40 
0.006552299999839306 50 
0.003131699999812554 70 
0.006293399999776739 100 
0.01358410000011645 400 
0.027798099999927217 800 
0.08062850000032995 1500 
0.15566519999993034 2000 
0.2583863999998357 2500 
1.5811008999999103 5000 
2.6905219000000216 6000 
9.239999963028822e-05 2 
3.5600000046542846e-05 5 
0.00034989999994650134 10 
0.0018219000003227848 20 
0.0020422000002326968 40 
0.008180799999990995 50 
0.008201999999982945 70 
0.011945300000206771 100 
0.014294000000063534 400 
0.024597799999810377 800 
0.07563440000012633 1500 
0.15707370000018273 2000 
0.26111859999991793 2500 
1.5951591000002736 5000 
2.650557800000115 6000 
9.730000010677031e-05 2 
3.6500000078376615e-05 5 
0.00023909999981697183 10 
0.0009724999999889405 20 
0.0029565999998339976 40 
0.002005800000006275 50 
0.001656500000080996 70 
0.0038522999998349405 100 
0.012431799999831128 400 
0.024139499999819236 800 
0.08925640000006752 1500 
0.15797879999990982 2000 
0.27098209999985556 2500 
1.6016360999997232 5000 
2.652318599999944 6000 
