8.290000005217735e-05 2 
3.659999993033125e-05 5 
0.00038130000007186027 10 
0.0011704000000918313 20 
0.0016574999999647844 40 
0.0009637999999085878 50 
0.0023392999999032327 70 
0.00420710000003055 100 
0.01496010000005299 400 
0.02481650000004265 800 
0.08055699999999888 1500 
0.15284840000003896 2000 
0.2761280000001989 2500 
1.601768600000014 5000 
2.6261884999998983 6000 
9.330000011686934e-05 2 
3.689999994094251e-05 5 
0.0002879999999549909 10 
0.0009583999999449588 20 
0.0026356000000760105 40 
0.001975200000060795 50 
0.0038915000000088185 70 
0.005320199999914621 100 
0.012519500000053085 400 
0.02661590000002434 800 
0.08019400000011956 1500 
0.15274699999986296 2000 
0.26517169999988255 2500 
1.5898227999998653 5000 
2.6304948000001787 6000 
9.309999995821272e-05 2 
3.479999986666371e-05 5 
0.0003984999998465355 10 
0.0011245000000599248 20 
0.0020443999999315565 40 
0.006402700000080586 50 
0.007377099999985148 70 
0.005832499999996799 100 
0.015021400000023277 400 
0.023893599999837534 800 
0.07195449999994707 1500 
0.16264750000004824 2000 
0.2545089000000189 2500 
1.5976433000000725 5000 
2.620613100000128 6000 
9.789999990061915e-05 2 
3.59000000571541e-05 5 
0.0004229999999552092 10 
0.007272800000009738 20 
0.0031005000000732252 40 
0.002027300000008836 50 
0.003915700000106881 70 
0.011097999999947206 100 
0.017049300000053336 400 
0.02738139999996747 800 
0.0866631999999754 1500 
0.14545859999998356 2000 
0.25863009999989117 2500 
1.5924133000000893 5000 
2.6360365999998976 6000 
9.870000008049828e-05 2 
3.6799999861614197e-05 5 
0.00025920000007317867 10 
0.0015588999999636144 20 
0.0032630999999128107 40 
0.0023401999999350664 50 
0.004642300000114119 70 
0.004208900000094218 100 
0.014248599999973521 400 
0.022344100000054823 800 
0.0741497999999865 1500 
0.16590850000011415 2000 
0.25638370000001487 2500 
1.5877023000000463 5000 
2.6323873000001186 6000 
0.00010010000005422626 2 
3.6199999840391683e-05 5 
0.0003542999997989682 10 
0.001740199999858305 20 
0.0027044999999361607 40 
0.0033957999999074673 50 
0.003058000000009997 70 
0.003529699999944569 100 
0.015054899999995541 400 
0.025244200000088313 800 
0.07664930000009917 1500 
0.1516673000000992 2000 
0.28635700000018005 2500 
1.5936632999998892 5000 
2.6332537000000684 6000 
9.609999983695161e-05 2 
5.020000003241876e-05 5 
0.0004083999999693333 10 
0.0014742000000751432 20 
0.0023301000001083594 40 
0.001853700000083336 50 
0.0029908999999861408 70 
0.005163400000128604 100 
0.01381889999993291 400 
0.023522400000047128 800 
0.07616680000000997 1500 
0.15432830000008835 2000 
0.2519127999999 2500 
1.5981054000001222 5000 
2.6446132999999463 6000 
9.840000006988703e-05 2 
3.559999981916917e-05 5 
0.00028260000021873566 10 
0.000974699999915174 20 
0.002639199999975972 40 
0.002967399999988629 50 
0.00228970000011941 70 
0.004633499999954438 100 
0.017414299999927607 400 
0.021688900000071953 800 
0.07825750000006337 1500 
0.1529824000001554 2000 
0.25453860000015993 2500 
1.5898655000000872 5000 
2.6180299999998624 6000 
0.00010279999992235389 2 
3.760000004149333e-05 5 
0.0002031999999871914 10 
0.0006607999998777814 20 
0.001071700000011333 40 
0.0008962000001702108 50 
0.0020984000000225933 70 
0.003279699999893637 100 
0.015025499999865133 400 
0.024294499999996333 800 
0.07281100000000151 1500 
0.15209980000008727 2000 
0.2605847999998332 2500 
1.601779100000158 5000 
2.6372782000000825 6000 
9.249999993699021e-05 2 
3.489999994599202e-05 5 
0.00027000000000043656 10 
0.001430800000207455 20 
0.002958900000066933 40 
0.0019694000000072265 50 
0.0019618999999693187 70 
0.006439400000090245 100 
0.01243449999992663 400 
0.022557400000096095 800 
0.08047629999987294 1500 
0.1691568000001098 2000 
0.27137809999999263 2500 
1.592957399999932 5000 
2.6502411000001302 6000 
