0.00010180000003856549 2 
3.800000001774606e-05 5 
0.00012419999995927355 10 
0.0003144999999449283 20 
0.0014254000000164524 40 
0.0015002000000094995 50 
0.0023542000000134067 70 
0.003566299999988587 100 
0.013674499999979162 400 
0.02419159999999465 800 
0.09298530000000937 1500 
0.17985670000007303 2000 
0.3011315999999624 2500 
1.7145561999999472 5000 
2.8303727999999637 6000 
9.789999990061915e-05 2 
3.479999998035055e-05 5 
0.00032039999996413826 10 
0.001248400000008587 20 
0.003381600000011531 40 
0.0025224999999409192 50 
0.00495259999991049 70 
0.004945200000065597 100 
0.016414800000006835 400 
0.0271148000000494 800 
0.0852734000000055 1500 
0.17238899999995283 2000 
0.2824217999999519 2500 
1.7460382999998956 5000 
2.791578399999935 6000 
0.00010239999994610116 2 
3.59000000571541e-05 5 
0.0003437999999960084 10 
0.0011367999999265521 20 
0.0016109000000597007 40 
0.0010701999999582767 50 
0.0015425999999933993 70 
0.0034823000000869797 100 
0.01643330000001697 400 
0.02468680000004042 800 
0.09361169999999674 1500 
0.16162080000003698 2000 
0.27597240000000056 2500 
1.7165956999999707 5000 
2.8093721999999843 6000 
9.439999996629922e-05 2 
3.5600000046542846e-05 5 
0.0003937999999834574 10 
0.002199299999915638 20 
0.0037949999999682404 40 
0.0027311000000054264 50 
0.0033415999999988344 70 
0.005532099999982165 100 
0.014502300000003743 400 
0.026447000000075604 800 
0.08528569999998581 1500 
0.1708718999999519 2000 
0.27617879999991146 2500 
1.6952691000000186 5000 
2.77723739999999 6000 
9.890000001178123e-05 2 
3.489999994599202e-05 5 
0.0003970000000208529 10 
0.0012660999999525302 20 
0.003863799999976436 40 
0.0032314000000042142 50 
0.003241300000013325 70 
0.004051099999969665 100 
0.012868900000057693 400 
0.02480249999996431 800 
0.0832002999999304 1500 
0.16416989999993348 2000 
0.2714396000000079 2500 
1.7064466000000493 5000 
2.7882684999999583 6000 
0.000105000000075961 2 
3.579999997782579e-05 5 
0.00038400000005367474 10 
0.0012962000000698026 20 
0.0027000000000043656 40 
0.0017937999999730891 50 
0.002355200000010882 70 
0.00861680000002707 100 
0.01332039999999779 400 
0.027369000000021515 800 
0.08235070000000633 1500 
0.17164230000003045 2000 
0.27192170000000715 2500 
1.703734700000041 5000 
2.791482999999971 6000 
0.00010220000001481822 2 
3.519999995660328e-05 5 
0.0002567999999882886 10 
0.001380700000026991 20 
0.002512600000045495 40 
0.0032151999999996406 50 
0.0029324999999289503 70 
0.008735500000057073 100 
0.0162635000000364 400 
0.025881900000058522 800 
0.08276209999996809 1500 
0.1686398999999028 2000 
0.29753070000003845 2500 
1.6943032000000358 5000 
2.788669099999993 6000 
0.000105000000075961 2 
3.59000000571541e-05 5 
0.00038879999999608117 10 
0.0012269999999716674 20 
0.0022395000000869913 40 
0.004402399999889894 50 
0.002218700000071294 70 
0.004487799999992603 100 
0.014964000000077249 400 
0.027712899999983165 800 
0.08699449999994613 1500 
0.17337820000000193 2000 
0.27263159999995423 2500 
1.6891676999999845 5000 
2.8040170000000444 6000 
0.00010740000004716421 2 
3.570000001218432e-05 5 
0.0002466999999342079 10 
0.0010885000000371292 20 
0.002026400000090689 40 
0.0026016000000481654 50 
0.0019695999999385094 70 
0.005539100000078179 100 
0.016674500000021908 400 
0.027009000000020933 800 
0.0851074999999355 1500 
0.18752359999996315 2000 
0.27150589999996555 2500 
1.699412499999994 5000 
2.808308399999987 6000 
0.00010399999996479892 2 
3.659999993033125e-05 5 
0.0002620000000206346 10 
0.001052600000093662 20 
0.001474599999937709 40 
0.0009202000001096167 50 
0.0027663000000757165 70 
0.0055901999999150576 100 
0.015573500000073182 400 
0.03027420000012171 800 
0.0881109000001743 1500 
0.16934170000013182 2000 
0.27463729999999487 2500 
1.698883799999976 5000 
2.7896265000001677 6000 
