8.989999992081721e-05 2 
3.799999990405922e-05 5 
0.00042009999992842495 10 
0.001359300000103758 20 
0.004267499999969004 40 
0.0029729000000315864 50 
0.0027251999999862164 70 
0.004031800000120711 100 
0.0145938999999089 400 
0.025997799999913696 800 
0.09505459999991217 1500 
0.16862850000006802 2000 
0.289837499999976 2500 
1.7620350000001963 5000 
3.225560600000108 6000 
0.00015080000002853922 2 
3.8599999925281736e-05 5 
9.439999985261238e-05 10 
0.00020370000015645928 20 
0.0006339999999909196 40 
0.001036999999996624 50 
0.0018039000001408567 70 
0.0033376000001226203 100 
0.01883229999998548 400 
0.03739109999992252 800 
0.10169020000012097 1500 
0.19786819999990257 2000 
0.3375788000000739 2500 
1.7237602000000152 5000 
2.8851498000001357 6000 
0.00010440000005473848 2 
3.4700000014709076e-05 5 
0.0003388000000086322 10 
0.0012901000000056229 20 
0.0021205999998983316 40 
0.0016757000000779954 50 
0.0016901000001325883 70 
0.0031310000001667504 100 
0.01577820000011343 400 
0.030448900000010326 800 
0.08345060000010562 1500 
0.17200509999997848 2000 
0.27349469999990106 2500 
1.709397699999954 5000 
2.8464430999999877 6000 
0.00010329999986424809 2 
3.579999997782579e-05 5 
0.00029429999995045364 10 
0.001543699999956516 20 
0.0018809000000601372 40 
0.002307800000153293 50 
0.003260799999907249 70 
0.007101200000079189 100 
0.013154100000065228 400 
0.024598199999900316 800 
0.0835260000001199 1500 
0.16356790000008914 2000 
0.2740178999999898 2500 
1.7070925000000443 5000 
2.795016300000043 6000 
0.00010399999996479892 2 
3.6399999999048305e-05 5 
0.00038440000002992747 10 
0.0005969999999706488 20 
0.0019217999999909807 40 
0.0032515000000330474 50 
0.0027225999999700434 70 
0.00427270000000135 100 
0.0166765999999825 400 
0.023968599999989237 800 
0.08759620000000723 1500 
0.16525219999994079 2000 
0.27769949999992605 2500 
1.7064014000000043 5000 
2.8118181000002096 6000 
0.00010090000000673172 2 
3.400000014153193e-05 5 
0.000362799999948038 10 
0.0011587999999846943 20 
0.002231400000027861 40 
0.0017582000000402331 50 
0.00322849999997743 70 
0.004676300000028277 100 
0.017960899999934554 400 
0.02570630000013807 800 
0.08416239999996833 1500 
0.1631784000001062 2000 
0.2955082000000857 2500 
1.7004629000000477 5000 
2.842223200000035 6000 
0.00011109999991276709 2 
3.630000014709367e-05 5 
0.00035209999987273477 10 
0.001349099999970349 20 
0.002570799999830342 40 
0.0024989999999434076 50 
0.006051999999954205 70 
0.005066400000032445 100 
0.015108499999996639 400 
0.024642699999958495 800 
0.08328030000006947 1500 
0.17302719999997862 2000 
0.28454949999991186 2500 
1.6949029000002156 5000 
2.8139633999999205 6000 
0.0001064999999016436 2 
3.659999993033125e-05 5 
0.0002795000000332948 10 
0.0022672999998576415 20 
0.0024218999999447988 40 
0.003256299999975454 50 
0.0030503000000408065 70 
0.0034356999999545224 100 
0.016666700000087076 400 
0.024477000000160842 800 
0.08711059999995996 1500 
0.18448499999999513 2000 
0.27340939999999136 2500 
1.7140439000002061 5000 
2.8215373999998974 6000 
0.000136099999963335 2 
3.700000002027082e-05 5 
0.00019220000012865057 10 
0.0005602000001090346 20 
0.0009823999998843647 40 
0.0009815000000799046 50 
0.0016135999999278283 70 
0.0048000000001593435 100 
0.017869399999881352 400 
0.028112899999996444 800 
0.08399039999994784 1500 
0.16980259999991176 2000 
0.27228340000010576 2500 
1.6929964000000837 5000 
2.819126200000028 6000 
0.00010179999981119181 2 
3.4700000014709076e-05 5 
0.00034110000001419394 10 
0.0014094000000568485 20 
0.0021841999998741812 40 
0.0018257000001540291 50 
0.004476699999941047 70 
0.0047012999998514715 100 
0.01659109999991415 400 
0.026147400000127163 800 
0.0838155999999799 1500 
0.16681919999996353 2000 
0.27401549999990493 2500 
1.692476600000191 5000 
3.0885006000000885 6000 
