8.290000005217735e-05 2 
4.799999987881165e-05 5 
4.86999997519888e-05 10 
6.909999956405954e-05 20 
0.00238439999975526 40 
0.0009245000001101289 50 
0.0018534999999246793 70 
0.0031940999997459585 100 
0.031547800000225834 400 
0.13202709999950457 800 
0.5225783999994746 1500 
1.0618577000004734 2000 
0.0022318000001178007 2 
6.790000043110922e-05 5 
4.979999994247919e-05 10 
6.959999973332742e-05 20 
0.0006494999997812556 40 
0.0008148000006258371 50 
0.0016265000003841124 70 
0.0028411000002961373 100 
0.029598700000860845 400 
0.13386669999999867 800 
0.5100034000006417 1500 
1.0692671999995582 2000 
0.0021016999999119435 2 
5.9100000726175494e-05 5 
4.780000017490238e-05 10 
6.940000002941815e-05 20 
0.0009100999996007886 40 
0.0009121000002778601 50 
0.0016240000004472677 70 
0.002774900000076741 100 
0.02864080000017566 400 
0.12798540000039793 800 
0.515295100000003 1500 
1.0446691999995892 2000 
0.002193000000261236 2 
6.589999975403771e-05 5 
4.9700000090524554e-05 10 
7.110000024113106e-05 20 
0.0006280999996306491 40 
0.0007798000006005168 50 
0.001568300000144518 70 
0.0027789000005213893 100 
0.02816919999986567 400 
0.12859859999934997 800 
0.5201957000008406 1500 
1.040614700000333 2000 
0.0021215000006122864 2 
5.920000057813013e-05 5 
4.8799999603943434e-05 10 
6.960000064282212e-05 20 
0.0006290000001172302 40 
0.000777399999606132 50 
0.0015640000001440058 70 
0.0027614999999059364 100 
0.028058599999894795 400 
0.133259199999884 800 
0.5218017999995936 1500 
1.0348641000000498 2000 
0.002129600000444043 2 
5.8600000556907617e-05 5 
4.8999999307852704e-05 10 
6.929999926796881e-05 20 
0.0006267999997362494 40 
0.0007771999999022228 50 
0.0015710999996372266 70 
0.003056499999729567 100 
0.028373500000270724 400 
0.12839319999966392 800 
0.5102917000003799 1500 
1.0406260999998267 2000 
0.002099100000123144 2 
6.639999992330559e-05 5 
4.939999962516595e-05 10 
6.990000019868603e-05 20 
0.0006372000007104361 40 
0.0007999999997991836 50 
0.0016114000000015949 70 
0.002785000000585569 100 
0.02801169999929698 400 
0.1264653999996881 800 
0.5026353000002928 1500 
1.0486008999996557 2000 
0.002107899999828078 2 
6.140000004961621e-05 5 
4.9000000217347406e-05 10 
7.000000005064066e-05 20 
0.0006135999992693542 40 
0.0007791999996697996 50 
0.0017718999997669016 70 
0.002829099999871687 100 
0.027964699999756704 400 
0.12528440000005503 800 
0.5058807999994315 1500 
1.0509173000000374 2000 
0.0020799000003535184 2 
6.010000015521655e-05 5 
4.86999997519888e-05 10 
7.019999975454994e-05 20 
0.0006234000002223183 40 
0.0007948999991640449 50 
0.0015648999997210922 70 
0.003025500000148895 100 
0.02818360000037501 400 
0.12661490000027698 800 
0.5029610000001412 1500 
1.0529628000003868 2000 
0.00212550000014744 2 
6.599999960599234e-05 5 
4.819999958272092e-05 10 
6.810000013501849e-05 20 
0.00063510000018141 40 
0.0007977999994182028 50 
0.0015781000001879875 70 
0.002798100000291015 100 
0.02897170000051119 400 
0.12736630000017612 800 
0.5047846999996182 1500 
1.0440419000005932 2000 
