0.00012930000048072543 2 
5.9699999837903306e-05 5 
5.1799999710056e-05 10 
6.769999981770525e-05 20 
0.0018126000004485832 40 
0.0008837999994284473 50 
0.0017803999999159714 70 
0.0035732000005737063 100 
0.03251839999938966 400 
0.12866519999988668 800 
0.4563789000003453 1500 
0.891216699999859 2000 
0.0011365000000296277 2 
6.510000002890592e-05 5 
5.160000000614673e-05 10 
6.719999964843737e-05 20 
0.0006474000001617242 40 
0.0007997000002433197 50 
0.0015599999996993574 70 
0.002774200000203564 100 
0.0290711999996347 400 
0.12721370000053867 800 
0.4536346000004414 1500 
0.8946813000002294 2000 
0.00112989999979618 2 
6.42000004518195e-05 5 
4.999999964638846e-05 10 
6.570000005012844e-05 20 
0.0006206999996720697 40 
0.0007964000005813432 50 
0.0015855999999985215 70 
0.002772900000309164 100 
0.028800699999919743 400 
0.1256813999998485 800 
0.4522170999998707 1500 
0.8953528000001825 2000 
0.0011244999996051774 2 
6.56000001981738e-05 5 
5.020000025979243e-05 10 
6.579999990208307e-05 20 
0.0006100000000515138 40 
0.0008225000001402805 50 
0.0015714999999545398 70 
0.0030028999999558437 100 
0.029303299999810406 400 
0.12427399999978661 800 
0.4481458999998722 1500 
0.8834240000005593 2000 
0.0011174999999639113 2 
6.519999988086056e-05 5 
5.0800000281014945e-05 10 
6.660000053670956e-05 20 
0.0006090999995649327 40 
0.0007992999999260064 50 
0.0015705000005254988 70 
0.003018000000338361 100 
0.028588800000761694 400 
0.12369289999969624 800 
0.45210100000076636 1500 
0.8918092000003526 2000 
0.0011438999999882071 2 
6.579999990208307e-05 5 
5.1199999688833486e-05 10 
6.599999960599234e-05 20 
0.0006097000004956499 40 
0.0007766999997329549 50 
0.0015694000003350084 70 
0.0027673000004142523 100 
0.029327199999897857 400 
0.12668980000034935 800 
0.44750139999996463 1500 
0.88413539999965 2000 
0.001138100000389386 2 
6.579999990208307e-05 5 
5.049999981565634e-05 10 
6.619999930990161e-05 20 
0.0006167000001369161 40 
0.0007759000000078231 50 
0.001575799999955052 70 
0.002987599999869417 100 
0.028840799999670708 400 
0.12586710000050516 800 
0.44761930000004213 1500 
0.9001264999997147 2000 
0.0011247000002185814 2 
6.409999969037017e-05 5 
5.049999981565634e-05 10 
6.579999990208307e-05 20 
0.00061939999977767 40 
0.0010185000001001754 50 
0.0017175000002680463 70 
0.002838800000063202 100 
0.029523400000471156 400 
0.12621330000001763 800 
0.45432330000039656 1500 
0.8912287999992259 2000 
0.0015750000002299203 2 
0.00010709999969549244 5 
5.909999981668079e-05 10 
6.819999998697313e-05 20 
0.0006204000001162058 40 
0.0007903000005171634 50 
0.001631400000405847 70 
0.0027897999998458545 100 
0.028983299999708834 400 
0.12366920000022219 800 
0.44914259999950445 1500 
0.8932602000004408 2000 
0.0011296000002403161 2 
6.630000007135095e-05 5 
5.130000045028282e-05 10 
6.759999996575061e-05 20 
0.0006022999996275757 40 
0.0007755999995424645 50 
0.001640899999983958 70 
0.0031589999998686835 100 
0.028778900000361318 400 
0.12498709999999846 800 
0.47249569999985397 1500 
0.8835552999998981 2000 
