9.789999967324547e-05 2 
6.829999983892776e-05 5 
9.059999956662068e-05 10 
0.00010620000011840602 20 
0.0016749999995226972 40 
0.0010976000003211084 50 
0.0020235000001775916 70 
0.004240599999320693 100 
0.02755220000017289 400 
0.1106753000003664 800 
0.36165489999984857 1500 
0.6800019000002067 2000 
0.0011420999999245396 2 
7.099999947968172e-05 5 
5.7499999456922524e-05 10 
8.749999960855348e-05 20 
0.0007666999999855761 40 
0.0009922999997797888 50 
0.001756300000124611 70 
0.0033699999994496466 100 
0.025391099999978906 400 
0.10367429999951128 800 
0.3571120999995401 1500 
0.6717493999994986 2000 
0.0011082999999416643 2 
6.819999998697313e-05 5 
5.599999985861359e-05 10 
8.590000015828991e-05 20 
0.0007029999997030245 40 
0.000946200000726094 50 
0.0017801000003601075 70 
0.0034798999995473423 100 
0.02444019999984448 400 
0.10186760000033246 800 
0.35550830000011047 1500 
0.658730099999957 2000 
0.001106400000026042 2 
5.9300000430084765e-05 5 
5.680000049324008e-05 10 
8.640000032755779e-05 20 
0.0006966999999349355 40 
0.0009592000005795853 50 
0.001758999999765365 70 
0.0033951000004890375 100 
0.024738500000239583 400 
0.10382779999963532 800 
0.35645670000030805 1500 
0.6595588000000134 2000 
0.0011162999999214662 2 
6.049999956303509e-05 5 
5.609999971056823e-05 10 
8.539999998902204e-05 20 
0.0007602000005135778 40 
0.0009717000002638088 50 
0.0017590999996173196 70 
0.0033586000008654082 100 
0.02457959999992454 400 
0.10496489999968617 800 
0.35515549999945506 1500 
0.666957999999795 2000 
0.00112260000059905 2 
6.959999973332742e-05 5 
5.690000034519471e-05 10 
8.580000030633528e-05 20 
0.0007322000001295237 40 
0.0010294000003341353 50 
0.0018509999999878346 70 
0.003507700000227487 100 
0.024695400000382506 400 
0.10123220000059518 800 
0.3563475999999355 1500 
0.6614736999999877 2000 
0.001110299999709241 2 
6.819999998697313e-05 5 
5.8599999647412915e-05 10 
9.159999990515644e-05 20 
0.0008533000000170432 40 
0.0009627999997974257 50 
0.001787299999705283 70 
0.0033508000005895155 100 
0.02460330000030808 400 
0.10315970000010566 800 
0.3588011000001643 1500 
0.6567535000003772 2000 
0.001105700000152865 2 
6.810000013501849e-05 5 
5.740000051446259e-05 10 
8.600000001024455e-05 20 
0.0006955999997444451 40 
0.0009639999998398707 50 
0.00176019999980781 70 
0.003543099999660626 100 
0.024817000000439293 400 
0.10558000000037282 800 
0.35630419999961305 1500 
0.6696668999993562 2000 
0.001119499999731488 2 
6.810000013501849e-05 5 
5.810000038763974e-05 10 
8.660000003146706e-05 20 
0.0007012999994913116 40 
0.000989799999842944 50 
0.0017772000001059496 70 
0.003343400000630936 100 
0.02455980000013369 400 
0.10055740000007063 800 
0.3588841999999204 1500 
0.6608185000004596 2000 
0.0011281999995844672 2 
6.549999943672447e-05 5 
5.7700000070326496e-05 10 
8.719999914319487e-05 20 
0.0007031999994069338 40 
0.000944800000070245 50 
0.0017626999997446546 70 
0.0033692000006340095 100 
0.024580499999501626 400 
0.104733799999849 800 
0.3564558999996734 1500 
0.660496299999977 2000 
