0.016011400000024878 2 
0.00010130000009667128 5 
5.79999996261904e-05 10 
8.590000015828991e-05 20 
0.0014975999993112055 40 
0.0010283999999955995 50 
0.0019741000005524256 70 
0.003777099999751954 100 
0.027623799999673793 400 
0.11063740000008693 800 
0.3703083999998853 1500 
0.712131500000396 2000 
0.0011493000001792097 2 
6.0400000620575156e-05 5 
5.359999977372354e-05 10 
8.340000022144523e-05 20 
0.0006917000000612461 40 
0.0009263000001737964 50 
0.001742999999805761 70 
0.0036066999991817283 100 
0.02485389999947074 400 
0.10337259999960224 800 
0.36483289999978297 1500 
0.6831253999998808 2000 
0.0011144999998577987 2 
5.680000049324008e-05 5 
5.1500000154192094e-05 10 
8.140000045386842e-05 20 
0.000695899999300309 40 
0.0009003999994092737 50 
0.0017319999997198465 70 
0.00331229999937932 100 
0.024268900000606664 400 
0.10288000000036845 800 
0.38254700000015873 1500 
0.6519275000000562 2000 
0.0011305999996693572 2 
5.6000000768108293e-05 5 
5.120000059832819e-05 10 
8.350000007339986e-05 20 
0.000697500000569562 40 
0.0008936999993238715 50 
0.0017219000001205131 70 
0.003281799999967916 100 
0.024456600000121398 400 
0.10390840000036405 800 
0.3566762000000381 1500 
0.6569726999996419 2000 
0.0011195999995834427 2 
5.880000026081689e-05 5 
5.200000032345997e-05 10 
8.120000074995914e-05 20 
0.0006941000001461362 40 
0.0009008000006360817 50 
0.0017442999997001607 70 
0.003470499999821186 100 
0.024259699999674922 400 
0.10570540000026085 800 
0.3697473000001992 1500 
0.6564621999996234 2000 
0.0011195999995834427 2 
5.700000019714935e-05 5 
5.120000059832819e-05 10 
8.109999998850981e-05 20 
0.0007009000000834931 40 
0.0009196999999403488 50 
0.0017252000006919843 70 
0.003307900000436348 100 
0.024663000000145985 400 
0.10459639999953652 800 
0.35720149999997375 1500 
0.6637972999997146 2000 
0.0011193000000275788 2 
5.729999975301325e-05 5 
5.1799999710056e-05 10 
8.190000062313629e-05 20 
0.0006923999999344232 40 
0.0008996000005936367 50 
0.0017158000000563334 70 
0.003295599999546539 100 
0.02461979999952746 400 
0.10714370000005147 800 
0.3572382000002108 1500 
0.6663504999996803 2000 
0.001121400000556605 2 
5.6599999879836105e-05 5 
5.1900000471505336e-05 10 
8.299999990413198e-05 20 
0.0007012999994913116 40 
0.0009020999996209866 50 
0.0017152000000351109 70 
0.003344400000059977 100 
0.02440569999998843 400 
0.10298469999997906 800 
0.3575810000002093 1500 
0.6643045000000711 2000 
0.001103300000067975 2 
5.6799999583745375e-05 5 
5.200000032345997e-05 10 
8.170000000973232e-05 20 
0.0006847000004199799 40 
0.0009098000000449247 50 
0.0017008000004352652 70 
0.0033991999998761457 100 
0.024477500000102737 400 
0.1036989000003814 800 
0.36001350000060484 1500 
0.6708326999996643 2000 
0.0011371000000508502 2 
5.7899999774235766e-05 5 
5.200000032345997e-05 10 
8.270000034826808e-05 20 
0.0006969000005483394 40 
0.00093029999970895 50 
0.0017416000000594067 70 
0.0033218999997188803 100 
0.02442380000047706 400 
0.10212390000015148 800 
0.3568995999994513 1500 
0.6576827999997477 2000 
