0.013971200000014505 2 
8.379999962926377e-05 5 
5.120000059832819e-05 10 
8.959999922808493e-05 20 
0.0023496999992858036 40 
0.0016190999995160382 50 
0.0025885000004564063 70 
0.005101400000057765 100 
0.0951641000001473 400 
0.6108156999998755 800 
4.165384799999629 1500 
10.234675100000459 2000 
0.00204440000015893 2 
5.609999971056823e-05 5 
4.4499999603431206e-05 10 
0.0001052999996318249 20 
0.002518199999940407 40 
0.0012790000000677537 50 
0.00254769999992277 70 
0.004940100000567327 100 
0.09351639999931649 400 
0.597624299999552 800 
4.213211299999784 1500 
10.491102400000273 2000 
0.002069600000140781 2 
8.139999954437371e-05 5 
4.850000004807953e-05 10 
8.860000070853857e-05 20 
0.0009154999997917912 40 
0.001256699999430566 50 
0.002548400000705442 70 
0.005172800000764255 100 
0.09488839999994525 400 
0.6209777999993094 800 
4.425964900000508 1500 
11.164793300000383 2000 
0.0020221000004312373 2 
5.6599999879836105e-05 5 
4.630000057659345e-05 10 
8.8099999629776e-05 20 
0.0015008999998826766 40 
0.0012507999999797903 50 
0.002584200000455894 70 
0.005134899999575282 100 
0.09598650000043563 400 
0.6377740999996604 800 
4.450448999999935 1500 
10.664155899999969 2000 
0.0020496000006460235 2 
5.270000019663712e-05 5 
4.600000011123484e-05 10 
8.66999998834217e-05 20 
0.002197800000431016 40 
0.001276500000130909 50 
0.002636999999594991 70 
0.004955999999765481 100 
0.0955922000002829 400 
0.6180490000006102 800 
4.376898999999867 1500 
10.646005000000514 2000 
0.002027700000326149 2 
5.0999999984924216e-05 5 
4.6099999963189475e-05 10 
8.780000007391209e-05 20 
0.002503199999409844 40 
0.0012490999997680774 50 
0.0027167999996891012 70 
0.005004799999369425 100 
0.09494990000075632 400 
0.6224864999994679 800 
4.41461739999977 1500 
10.837275799999588 2000 
0.0020244999996066326 2 
5.7700000070326496e-05 5 
4.739999985758914e-05 10 
8.84000000951346e-05 20 
0.0020118000002185 40 
0.0012567999992825207 50 
0.0025640000003477326 70 
0.005004399999961606 100 
0.09512880000056612 400 
0.6171566000002713 800 
4.36568460000035 1500 
10.481677099999615 2000 
0.0019918999996662023 2 
5.1199999688833486e-05 5 
4.569999964587623e-05 10 
8.610000077169389e-05 20 
0.002912300000389223 40 
0.001240200000211189 50 
0.0025780000005397596 70 
0.004963899999893329 100 
0.09447010000076261 400 
0.609273299999586 800 
4.248354100000142 1500 
10.366855499999474 2000 
0.0019645000002128654 2 
5.049999981565634e-05 5 
4.440000066097127e-05 10 
9.399999999004649e-05 20 
0.0025660000001153094 40 
0.0014424000000872184 50 
0.00255010000000766 70 
0.004963000000316242 100 
0.09375069999987318 400 
0.6105941999994684 800 
4.240315300000475 1500 
10.897552299999916 2000 
0.002054399999906309 2 
5.599999985861359e-05 5 
4.6499999371008016e-05 10 
8.759999946050812e-05 20 
0.0028771999996024533 40 
0.0012306999997235835 50 
0.002591700000266428 70 
0.004961600000569888 100 
0.09567929999957414 400 
0.6354219999993802 800 
4.436031500000354 1500 
10.630113400000482 2000 
