0.00019560000055207638 2 
8.35999999253545e-05 5 
7.74000000092201e-05 10 
0.00014110000029177172 20 
0.05506090000017139 40 
0.0011477999996714061 50 
0.0021982999996907893 70 
0.004093700000339595 100 
0.03272540000034496 400 
0.14639790000001085 800 
0.540113700000802 1500 
0.9817064999997456 2000 
0.0020607000005838927 2 
6.889999986015027e-05 5 
5.049999981565634e-05 10 
9.410000075149583e-05 20 
0.0007155000002967427 40 
0.0009451999994780635 50 
0.0018393999998806976 70 
0.0034665000002860324 100 
0.027306900000439782 400 
0.12264440000035393 800 
0.4827922000004037 1500 
0.9777018000004318 2000 
0.0020551999996314407 2 
6.349999966914766e-05 5 
5.069999951956561e-05 10 
9.159999990515644e-05 20 
0.0007099000004018308 40 
0.0009958999999071239 50 
0.0018289999998160056 70 
0.00348160000066855 100 
0.027417999999670428 400 
0.12176340000041819 800 
0.49039949999951205 1500 
0.9929731000001993 2000 
0.0020556999998007086 2 
5.990000045130728e-05 5 
5.059999966761097e-05 10 
9.6000000667118e-05 20 
0.0007181999999374966 40 
0.0009565999998812913 50 
0.001841499999500229 70 
0.003555899999810208 100 
0.02752000000054977 400 
0.12297140000009676 800 
0.4831902000005357 1500 
0.9962697999999364 2000 
0.002053700000033132 2 
5.979999968985794e-05 5 
5.03999999637017e-05 10 
9.15000000532018e-05 20 
0.000708699999449891 40 
0.000957600000219827 50 
0.0018930000005639158 70 
0.0034795999999914784 100 
0.026454499999999825 400 
0.1250371999994968 800 
0.4871486999991248 1500 
0.973450700000285 2000 
0.002064799999971001 2 
6.269999994401587e-05 5 
5.160000000614673e-05 10 
9.159999990515644e-05 20 
0.0007146000007196562 40 
0.0010141000002477085 50 
0.001890800000182935 70 
0.0034316999999646214 100 
0.02663349999966158 400 
0.1215223999997761 800 
0.4839871999993193 1500 
0.9832296999993559 2000 
0.002155500000299071 2 
7.389999973383965e-05 5 
5.8200000239594374e-05 10 
9.479999971517827e-05 20 
0.0007534000005762209 40 
0.001021500000206288 50 
0.0019166000001860084 70 
0.003578600000764709 100 
0.026814300000296498 400 
0.12137090000032913 800 
0.486826999999721 1500 
0.98166879999917 2000 
0.0020651000004363596 2 
6.2199999774748e-05 5 
5.069999951956561e-05 10 
9.210000007442432e-05 20 
0.0007227000005514128 40 
0.0009476000004724483 50 
0.0018381999998382526 70 
0.0034890999995695893 100 
0.026953500000672648 400 
0.12269130000004225 800 
0.4815539000001081 1500 
0.9799511999999595 2000 
0.00270379999983561 2 
5.8399999943503644e-05 5 
5.109999983687885e-05 10 
9.159999990515644e-05 20 
0.0007207999997262959 40 
0.000952800000050047 50 
0.001828399999794783 70 
0.0035408000003371853 100 
0.027471399999740242 400 
0.12232479999966017 800 
0.5055071000006137 1500 
0.9812732999998843 2000 
0.00206629999956931 2 
6.0600000324484427e-05 5 
5.0600000577105675e-05 10 
9.390000013809185e-05 20 
0.0007177999996201834 40 
0.0009534000000712695 50 
0.0018278999996255152 70 
0.0034657000005609007 100 
0.026809699999830627 400 
0.12544900000011694 800 
0.5091431000000739 1500 
1.0335253000002922 2000 
