8.400000024266774e-05 2 
4.7700000322947744e-05 5 
4.760000047099311e-05 10 
7.879999975557439e-05 20 
0.00253809999958321 40 
0.0012372000001050765 50 
0.002422600000500097 70 
0.00463569999919855 100 
0.13335989999995945 400 
0.8979754000001776 800 
5.095867500000168 1500 
11.540780199999972 2000 
0.0011519999998199637 2 
5.409999994299142e-05 5 
4.689999968832126e-05 10 
9.899999986373587e-05 20 
0.0023597999997946317 40 
0.0012053000000378233 50 
0.0027072000002590357 70 
0.004659000000174274 100 
0.13216999999986 400 
0.8976351000001159 800 
5.060004099999787 1500 
11.527533100000255 2000 
0.00112989999979618 2 
5.5499999689345714e-05 5 
4.709999939223053e-05 10 
8.640000032755779e-05 20 
0.002873199999157805 40 
0.0011979999999311985 50 
0.0025364999992234516 70 
0.0046419000000241795 100 
0.1322582999991937 400 
0.8980036000002656 800 
5.063791100000344 1500 
11.530857199999446 2000 
0.0011294000005364069 2 
5.7500000366417225e-05 5 
4.669999998441199e-05 10 
0.00010080000083689811 20 
0.002691699999559205 40 
0.0013543000004574424 50 
0.0024020000000746222 70 
0.0047231999997165985 100 
0.1319141000003583 400 
0.8965797000000748 800 
5.069663799999944 1500 
11.550682699999925 2000 
0.0011305999996693572 2 
5.1899999562010635e-05 5 
4.6999999540275894e-05 10 
9.829999999055872e-05 20 
0.002913799999987532 40 
0.0014030000002094312 50 
0.002430900000035763 70 
0.004630400000678492 100 
0.13169299999935902 400 
0.8964424999994662 800 
5.062812600000143 1500 
11.521767400000499 2000 
0.0011172000004080473 2 
5.360000068321824e-05 5 
4.619999981514411e-05 10 
7.779999941703863e-05 20 
0.002751899999566376 40 
0.0012928000005558715 50 
0.0024542000001019915 70 
0.004682200000388548 100 
0.13201250000020082 400 
0.8967992999996568 800 
5.065310500000123 1500 
11.531826499999625 2000 
0.0011240999992878642 2 
5.63000003239722e-05 5 
4.7200000153679866e-05 10 
7.830000049580121e-05 20 
0.0031210999995892053 40 
0.0011940999993385049 50 
0.0025261000000682543 70 
0.004695300000093994 100 
0.13247760000012931 400 
0.8939576000002489 800 
5.062165100000129 1500 
11.553826700000172 2000 
0.0011184000004504924 2 
5.4400000408350024e-05 5 
4.630000057659345e-05 10 
0.00010069999916595407 20 
0.0026850000003832974 40 
0.00120489999972051 50 
0.0024040999996941537 70 
0.004773300000124436 100 
0.1315879000003406 400 
0.8979264999998122 800 
5.068337799999426 1500 
11.548524100000577 2000 
0.0011383999999452499 2 
5.5499999689345714e-05 5 
4.6799999836366624e-05 10 
7.919999916339293e-05 20 
0.0028018999992127647 40 
0.0011967999998887535 50 
0.002543399999922258 70 
0.00469859999975597 100 
0.1319565000003422 400 
0.8980876999994507 800 
5.070116300000336 1500 
11.542496899999605 2000 
0.001119499999731488 2 
4.9199999921256676e-05 5 
4.6999999540275894e-05 10 
0.00010019999990618089 20 
0.001813400000173715 40 
0.0012605000001713051 50 
0.00277639999967505 70 
0.004818200000045181 100 
0.13230269999985467 400 
0.8907595999999103 800 
5.0615514999999505 1500 
11.533983499999522 2000 
