0.00013930000022810418 2 
8.539999998902204e-05 5 
6.510000002890592e-05 10 
0.00010620000011840602 20 
0.0010684999997465638 40 
0.0015868999998929212 50 
0.003482099999928323 70 
0.0061049999994793325 100 
0.10599360000014713 400 
0.6427555999998731 800 
4.652277500000309 1500 
11.111950399999841 2000 
0.002152099999875645 2 
5.599999985861359e-05 5 
4.769999941345304e-05 10 
0.00010879999990720535 20 
0.001990200000363984 40 
0.0012909999995827093 50 
0.002600900000288675 70 
0.005072199999631266 100 
0.09487050000007002 400 
0.6393149000004996 800 
4.356925400000364 1500 
10.372849599999427 2000 
0.002103200000419747 2 
4.779999926540768e-05 5 
4.5700000555370934e-05 10 
8.510000043315813e-05 20 
0.0027810000001409207 40 
0.0014448000001721084 50 
0.0026336999999330146 70 
0.004955899999913527 100 
0.09481789999972534 400 
0.6038006999997378 800 
4.204852799999571 1500 
10.31430570000066 2000 
0.002092500000799191 2 
4.810000064026099e-05 5 
4.470000021683518e-05 10 
8.569999954488594e-05 20 
0.00310300000001007 40 
0.0012618999999176594 50 
0.0025986000000557397 70 
0.004965199999787728 100 
0.09369550000064919 400 
0.6078511999994589 800 
4.204760699999497 1500 
10.404142600000341 2000 
0.002089499999783584 2 
4.9899999794433825e-05 5 
4.5500000851461664e-05 10 
8.549999984097667e-05 20 
0.002719699999943259 40 
0.0012673999999606167 50 
0.0026037000006908784 70 
0.00495500000033644 100 
0.09387500000048021 400 
0.6245294000000285 800 
4.464701199999581 1500 
10.842218700000558 2000 
0.002118900000823487 2 
4.979999994247919e-05 5 
4.6099999963189475e-05 10 
0.00010779999956866959 20 
0.0024026000000958447 40 
0.001392199999827426 50 
0.00255010000000766 70 
0.004941599999256141 100 
0.09505470000021887 400 
0.6183201000003464 800 
4.340270900000178 1500 
10.620971599999393 2000 
0.0021244999998089042 2 
4.890000036539277e-05 5 
4.6499999371008016e-05 10 
8.710000020073494e-05 20 
0.0027769999996962724 40 
0.001298299999689334 50 
0.002647199999955774 70 
0.005200199999308097 100 
0.09654950000003737 400 
0.6191103000001021 800 
4.3844143000005715 1500 
10.990733599999658 2000 
0.0020902999995087157 2 
5.140000030223746e-05 5 
4.759999956149841e-05 10 
0.00010769999971671496 20 
0.0027646999997159583 40 
0.0012662999997701263 50 
0.0025562999999237945 70 
0.005055900000115798 100 
0.09475229999952717 400 
0.6163453999997728 800 
4.3428442000004 1500 
10.612990300000092 2000 
0.002090699999826029 2 
4.999999964638846e-05 5 
4.450000051292591e-05 10 
8.499999967170879e-05 20 
0.0024782000000413973 40 
0.0012308000004850328 50 
0.0025763000003280467 70 
0.00494780000008177 100 
0.09493950000069162 400 
0.6185648000000583 800 
4.331511999999748 1500 
10.615091200000279 2000 
0.002116800000294461 2 
4.979999994247919e-05 5 
4.530000023805769e-05 10 
0.00010769999971671496 20 
0.0024302000001625856 40 
0.0012874999993073288 50 
0.002578900000116846 70 
0.0049550999992789 100 
0.09498979999989388 400 
0.6290062999996735 800 
4.330903600000056 1500 
10.593476399999417 2000 
