8.04999999672873e-05 2 
4.759999956149841e-05 5 
5.059999966761097e-05 10 
9.129999943979783e-05 20 
0.0016833999998198124 40 
0.0011642999998002779 50 
0.0025138999999398948 70 
0.003951400000005378 100 
0.030260399999860965 400 
0.1329398999996556 800 
0.5349114000000554 1500 
0.9780689999997776 2000 
0.0020930000000589644 2 
6.469999971159268e-05 5 
5.03999999637017e-05 10 
9.15000000532018e-05 20 
0.0007182999997894512 40 
0.0009520000003249152 50 
0.0018263000001752516 70 
0.0035446999991108896 100 
0.027201700000659912 400 
0.12291740000000573 800 
0.4851582999999664 1500 
0.9933993000004193 2000 
0.0021203999995123013 2 
6.610000036744168e-05 5 
5.090000013296958e-05 10 
9.450000015931437e-05 20 
0.0007204999992609373 40 
0.0009643000003052293 50 
0.001991000000089116 70 
0.0035357999995540013 100 
0.027253700000073877 400 
0.1213954000004378 800 
0.4859771000001274 1500 
0.9824036999998498 2000 
0.0021146999997654348 2 
6.519999988086056e-05 5 
5.0400000873196404e-05 10 
9.15000000532018e-05 20 
0.0007223999991765595 40 
0.0009473000000070897 50 
0.0018307999998796731 70 
0.003441699999712 100 
0.027623699999821838 400 
0.12405990000024758 800 
0.4961440000006405 1500 
0.9824182000002111 2000 
0.002139100000022154 2 
6.130000019766157e-05 5 
5.0800000281014945e-05 10 
9.159999990515644e-05 20 
0.0007894999998825369 40 
0.0009516999998595566 50 
0.0018255000004501198 70 
0.0034733000002233894 100 
0.027042700000492914 400 
0.122741600000154 800 
0.49192930000026536 1500 
0.9785316999996212 2000 
0.0021055999995951424 2 
6.680000024061883e-05 5 
5.160000000614673e-05 10 
9.130000034929253e-05 20 
0.0007144000001062523 40 
0.0010326999999961117 50 
0.0018251999999847612 70 
0.0034752000001390115 100 
0.02707120000013674 400 
0.12190590000045631 800 
0.4879808999994566 1500 
0.972598299999845 2000 
0.0020929000002070097 2 
8.160000015777769e-05 5 
5.500000042957254e-05 10 
9.179999960906571e-05 20 
0.0007290000003195019 40 
0.000956600000790786 50 
0.001997299999857205 70 
0.0034756000004563248 100 
0.02794140000059997 400 
0.12202410000008967 800 
0.48547620000044844 1500 
0.9836379999997007 2000 
0.002103499999975611 2 
5.899999996472616e-05 5 
5.049999981565634e-05 10 
9.240000053978292e-05 20 
0.00074399999994057 40 
0.0009544000004098052 50 
0.0018254999995406251 70 
0.003467399999863119 100 
0.027185500000086904 400 
0.12499970000044414 800 
0.4945776999993541 1500 
0.972452400000293 2000 
0.00211699999999837 2 
6.119999943621224e-05 5 
5.0800000281014945e-05 10 
9.240000053978292e-05 20 
0.0007058999999571824 40 
0.0009446999993087957 50 
0.0018866000000343774 70 
0.003503699999782839 100 
0.02745009999944159 400 
0.11991309999939403 800 
0.4892637000002651 1500 
0.9779034000002866 2000 
0.002093600000080187 2 
5.6200000472017564e-05 5 
4.929999977321131e-05 10 
9.080000018002465e-05 20 
0.0007905000002210727 40 
0.0009927999999490567 50 
0.0018608999998832587 70 
0.003508900000269932 100 
0.0270448999999644 400 
0.12068439999984548 800 
0.47680940000009286 1500 
0.9799935000000914 2000 
