0.00013829999988956843 2 
4.9500000386615284e-05 5 
4.7000000449770596e-05 10 
0.00015609999991283985 20 
0.0021469000002980465 40 
0.0012380999996821629 50 
0.002518400000553811 70 
0.005237200000010489 100 
0.13205389999984618 400 
0.8863183000003119 800 
4.922938400000021 1500 
11.162938700000268 2000 
0.0010695000000850996 2 
4.979999994247919e-05 5 
4.549999994196696e-05 10 
9.800000043469481e-05 20 
0.00282599999991362 40 
0.0013351999996302766 50 
0.0024148000002242043 70 
0.004619000000275264 100 
0.13086180000027525 400 
0.8716809999996258 800 
4.933332399999927 1500 
11.306006100000559 2000 
0.0013080000007903436 2 
5.199999941396527e-05 5 
4.620000072463881e-05 10 
8.189999971364159e-05 20 
0.0027657999999064486 40 
0.001237299999957031 50 
0.002419700000245939 70 
0.004650699999729113 100 
0.13038770000002842 400 
0.8749841000008018 800 
4.8909083999997165 1500 
11.102364200000011 2000 
0.0012792999996236176 2 
4.9500000386615284e-05 5 
4.580000040732557e-05 10 
9.700000009615906e-05 20 
0.002160800000638119 40 
0.002024899999923946 50 
0.002399400000285823 70 
0.004636600000594626 100 
0.1302972999992562 400 
0.8742847999992591 800 
4.896549399999458 1500 
11.142474700000093 2000 
0.0012505000004239264 2 
5.2999999752501026e-05 5 
4.540000009001233e-05 10 
0.0001734000006763381 20 
0.0022880000005898182 40 
0.0012305999998716288 50 
0.0024118000001180917 70 
0.004629900000509224 100 
0.13009089999923162 400 
0.8743563999996695 800 
4.895397899999807 1500 
11.101145599999654 2000 
0.0012938999998368672 2 
5.1799999710056e-05 5 
4.55999997939216e-05 10 
0.0001764999997249106 20 
0.0021048999997219653 40 
0.001936000000569038 50 
0.002411700000266137 70 
0.004644499999812979 100 
0.13283439999941038 400 
0.8702215999992404 800 
4.876354099999844 1500 
11.088542099999358 2000 
0.0013431000006676186 2 
8.22000001790002e-05 5 
7.430000005115289e-05 10 
0.00011890000041603344 20 
0.0022937000003366848 40 
0.0016519999999218271 50 
0.00243880000016361 70 
0.004641800000172225 100 
0.13155269999970187 400 
0.8729299999995419 800 
4.924285399999462 1500 
11.752224899999419 2000 
0.0012937999999849126 2 
5.539999983739108e-05 5 
4.710000030172523e-05 10 
7.889999960752903e-05 20 
0.0018990999997186009 40 
0.0018826999994416838 50 
0.0024827999995977734 70 
0.004636199999367818 100 
0.13273989999925107 400 
0.9008161000001564 800 
5.124980900000082 1500 
11.807727899999918 2000 
0.0013080000007903436 2 
5.670000064128544e-05 5 
4.749999970954377e-05 10 
7.970000024215551e-05 20 
0.001848200000495126 40 
0.0011722999997800798 50 
0.002736600000389444 70 
0.004825199999686447 100 
0.13354189999972732 400 
0.9002170000003389 800 
5.173016700000517 1500 
11.72435889999997 2000 
0.0012785999997504405 2 
5.830000009154901e-05 5 
4.740000076708384e-05 10 
8.030000026337802e-05 20 
0.0016785999996500323 40 
0.0011829999994006357 50 
0.002820900000187976 70 
0.004625800000212621 100 
0.1353136000006998 400 
0.9158809000000474 800 
5.235475499999666 1500 
11.701161099999808 2000 
