9.87999992503319e-05 2 
6.759999996575061e-05 5 
5.6999999287654646e-05 10 
7.279999954334926e-05 20 
0.0014188999994075857 40 
0.0009182999992844998 50 
0.001901200000247627 70 
0.0033223000000361935 100 
0.032036199999311066 400 
0.12461489999986952 800 
0.4473539999999048 1500 
0.8648653999998714 2000 
0.0011359999998603598 2 
7.449999975506216e-05 5 
5.729999975301325e-05 10 
7.269999969139462e-05 20 
0.0006346999998640968 40 
0.0008361000000149943 50 
0.001603199999408389 70 
0.002967299999909301 100 
0.0290287999996508 400 
0.12334949999967648 800 
0.43987749999996595 1500 
0.8689400999992358 2000 
0.001119999999900756 2 
7.280000045284396e-05 5 
5.5900000006658956e-05 10 
7.209999967017211e-05 20 
0.0010710000005929032 40 
0.0008272000004581059 50 
0.0016104999995150138 70 
0.002848699999958626 100 
0.02873970000018744 400 
0.12347250000038912 800 
0.44364670000049955 1500 
0.8637983999997232 2000 
0.001186000000416243 2 
7.780000032653334e-05 5 
5.639999926643213e-05 10 
7.340000047406647e-05 20 
0.0006445999997595209 40 
0.0008616000004622038 50 
0.0016685000000506989 70 
0.0029109000006428687 100 
0.028807700000470504 400 
0.12283170000046084 800 
0.4417426999998497 1500 
0.8674896000002263 2000 
0.0013006000008317642 2 
7.93999997767969e-05 5 
5.7500000366417225e-05 10 
7.330000062211184e-05 20 
0.0006204000001162058 40 
0.0008536000004824018 50 
0.0018281000002389192 70 
0.002832699999999022 100 
0.028777200000149605 400 
0.12265219999972032 800 
0.4440637000006973 1500 
0.9123756000008143 2000 
0.0011451000000306522 2 
7.619999996677507e-05 5 
5.7500000366417225e-05 10 
7.340000047406647e-05 20 
0.0006528000003527268 40 
0.0008377000003747526 50 
0.0016332999994119746 70 
0.0028555999997479375 100 
0.028644600000006903 400 
0.12344080000002577 800 
0.44200160000036703 1500 
0.8686535000006188 2000 
0.0011234000003241817 2 
7.579999964946182e-05 5 
5.669999973179074e-05 10 
7.29000003047986e-05 20 
0.0006322999997792067 40 
0.0008361000000149943 50 
0.0016032000003178837 70 
0.0028432999997676234 100 
0.028689600000689097 400 
0.12369139999918843 800 
0.4445815999997649 1500 
0.8692767999991702 2000 
0.0011232999995627324 2 
7.31999998606625e-05 5 
5.689999943570001e-05 10 
7.249999998748535e-05 20 
0.0006444999999075662 40 
0.0008404999998674612 50 
0.0016157999998540618 70 
0.0028451999996832456 100 
0.028994299999794748 400 
0.1241768999998385 800 
0.43847180000011576 1500 
0.8632577999997011 2000 
0.0011195999995834427 2 
7.539999933214858e-05 5 
5.700000019714935e-05 10 
7.330000062211184e-05 20 
0.0006290000001172302 40 
0.0008271999995486112 50 
0.0016033000001698383 70 
0.0028587999995579594 100 
0.028782599999431113 400 
0.12194729999919218 800 
0.4421630999995614 1500 
0.8631873999993331 2000 
0.0011294000005364069 2 
6.990000019868603e-05 5 
5.760000021837186e-05 10 
7.389999973383965e-05 20 
0.0006706000003759982 40 
0.0008635999993202859 50 
0.001631699999961711 70 
0.0028277000001253327 100 
0.02855859999999666 400 
0.12367670000003272 800 
0.442092500000399 1500 
0.8644641000000775 2000 
