9.000000045489287e-05 2 
5.920000057813013e-05 5 
5.4400000408350024e-05 10 
7.650000043213367e-05 20 
0.0013354000002436806 40 
0.001060200000210898 50 
0.001859599999988859 70 
0.0033089999997173436 100 
0.031328600000051665 400 
0.13684180000018387 800 
0.541540399999576 1500 
1.034245999999257 2000 
0.002170000000660366 2 
7.31999998606625e-05 5 
5.4400000408350024e-05 10 
7.399999958579428e-05 20 
0.0007197000004453002 40 
0.0008334000003742403 50 
0.0016329999998561107 70 
0.0028291999997236417 100 
0.027845100000376988 400 
0.1297804999994696 800 
0.4870997999996689 1500 
1.0034150999999838 2000 
0.002125200000591576 2 
7.129999994504033e-05 5 
5.380000038712751e-05 10 
7.430000005115289e-05 20 
0.0006450999999287887 40 
0.0008247999994637212 50 
0.0016507000000274274 70 
0.002834899999470508 100 
0.0280016999995496 400 
0.12929349999922124 800 
0.4880908000004638 1500 
0.9983626000002914 2000 
0.002121900000020105 2 
6.710000070597744e-05 5 
5.3699999625678174e-05 10 
7.430000005115289e-05 20 
0.0006332000002657878 40 
0.0008398999998462386 50 
0.0016390999999202904 70 
0.0028599999996004044 100 
0.02803959999982908 400 
0.12488639999992301 800 
0.4923207000001639 1500 
1.0133968999998615 2000 
0.0021402000002126442 2 
7.199999981821747e-05 5 
5.300000066199573e-05 10 
7.439999990310753e-05 20 
0.0006321000000752974 40 
0.0008250000000771252 50 
0.001641899999412999 70 
0.0028512999997474253 100 
0.02813770000011573 400 
0.1266075000003184 800 
0.48563539999940986 1500 
1.0437010999994527 2000 
0.002192000000832195 2 
7.830000049580121e-05 5 
5.719999990105862e-05 10 
7.62999998187297e-05 20 
0.0006769999999960419 40 
0.0008453000000372413 50 
0.0017146000000138883 70 
0.0029508000006899238 100 
0.028261399999792047 400 
0.12858950000008917 800 
0.4900874999993903 1500 
1.0025774000005185 2000 
0.002126200000020617 2 
6.880000000819564e-05 5 
5.309999960445566e-05 10 
7.45999996070168e-05 20 
0.0006378999996741186 40 
0.0008065000001806766 50 
0.0016363000004275818 70 
0.0028642000006584567 100 
0.027844199999890407 400 
0.12424019999980374 800 
0.49009120000027906 1500 
1.0152594999999565 2000 
0.0021713000005547656 2 
7.399999958579428e-05 5 
5.429999964690069e-05 10 
7.539999933214858e-05 20 
0.0006451000008382834 40 
0.000785600000199338 50 
0.0016497999995408463 70 
0.002847799999472045 100 
0.02790839999943273 400 
0.12785320000057254 800 
0.4866007999999056 1500 
1.0046720000000278 2000 
0.0021186000003581285 2 
6.649999977526022e-05 5 
5.3699999625678174e-05 10 
7.449999975506216e-05 20 
0.0006506999998237006 40 
0.000830599999972037 50 
0.001687399999354966 70 
0.0028406000001268694 100 
0.02812790000007226 400 
0.12994030000027124 800 
0.48518199999944045 1500 
0.9977411999998367 2000 
0.002165400000194495 2 
7.050000021990854e-05 5 
5.4600000112259295e-05 10 
7.840000034775585e-05 20 
0.000657100000353239 40 
0.0009002999995573191 50 
0.001631999999517575 70 
0.002852000000530097 100 
0.028296899999986636 400 
0.1251203000001624 800 
0.49110709999968094 1500 
1.042116100000385 2000 
