9.499999941908754e-05 2 
6.410000059986487e-05 5 
6.010000015521655e-05 10 
7.839999943826115e-05 20 
0.0009738999997352948 40 
0.001031699999657576 50 
0.0022533999999723164 70 
0.0032651999999870895 100 
0.032169099999919126 400 
0.13662849999946047 800 
0.5160562000000937 1500 
1.0157770000005257 2000 
0.0021306000007825787 2 
7.129999994504033e-05 5 
5.3499999921768904e-05 10 
7.860000005166512e-05 20 
0.0006642999996984145 40 
0.0008275999998659245 50 
0.0016419000003224937 70 
0.003031600000213075 100 
0.028892000000269036 400 
0.12434310000026016 800 
0.4910510999998223 1500 
0.9956210000000283 2000 
0.002113100000315171 2 
7.050000021990854e-05 5 
6.540000049426453e-05 10 
7.530000038968865e-05 20 
0.0006452000006902381 40 
0.0008232999998654122 50 
0.0016675999995641178 70 
0.0028345999999146443 100 
0.028047199999491568 400 
0.12567510000008042 800 
0.494024100000388 1500 
0.9995354000002408 2000 
0.0021063000003778143 2 
7.139999979699496e-05 5 
5.289999990054639e-05 10 
7.420000019919826e-05 20 
0.0006287000005613663 40 
0.000821699999505654 50 
0.0016401999992012861 70 
0.002834899999470508 100 
0.02787129999978788 400 
0.12694190000001981 800 
0.4834943000005296 1500 
1.0051284999999552 2000 
0.0021198000004005735 2 
6.680000024061883e-05 5 
5.8399999943503644e-05 10 
7.499999992433004e-05 20 
0.0006505000001197914 40 
0.0008258999996542116 50 
0.0016402000001107808 70 
0.002833900000041467 100 
0.028304899999966437 400 
0.1251864999994723 800 
0.4869122999998581 1500 
0.9966513999997915 2000 
0.0021031000005677924 2 
7.139999979699496e-05 5 
5.18000006195507e-05 10 
7.430000005115289e-05 20 
0.0006371999998009414 40 
0.0008369000006496208 50 
0.00172629999997298 70 
0.002841499999703956 100 
0.028116399999817077 400 
0.12488199999916105 800 
0.4861388999997871 1500 
1.0377789000003759 2000 
0.002093399999466783 2 
7.159999950090423e-05 5 
5.249999958323315e-05 10 
7.350000032602111e-05 20 
0.0006997999998930027 40 
0.0008875999992596917 50 
0.001647199999752047 70 
0.002948100000139675 100 
0.0279062999998132 400 
0.12442879999980505 800 
0.485632899999473 1500 
1.0103659999995216 2000 
0.002101500000208034 2 
7.030000051599927e-05 5 
5.220000002736924e-05 10 
7.469999945897143e-05 20 
0.0006451999997807434 40 
0.0008247000005212612 50 
0.0017604999993636739 70 
0.00290580000000773 100 
0.027984499999547552 400 
0.12653380000028847 800 
0.48829010000008566 1500 
0.9994897999995374 2000 
0.002114199999596167 2 
7.109999933163635e-05 5 
5.210000017541461e-05 10 
7.370000002993038e-05 20 
0.0006272000000535627 40 
0.0008305000001200824 50 
0.0016372999998566229 70 
0.002905500000451866 100 
0.028276000000005297 400 
0.12424599999940256 800 
0.48191829999996116 1500 
1.0127228999999716 2000 
0.0020987999996577855 2 
7.17999992048135e-05 5 
5.2799999139097054e-05 10 
7.480000022042077e-05 20 
0.0006458000007114606 40 
0.0008433000002696645 50 
0.0016599000000496744 70 
0.00301469999976689 100 
0.028375499999128806 400 
0.12795310000001336 800 
0.4856736000001547 1500 
1.0034560000003694 2000 
