9.529999988444615e-05 2 
6.070000017643906e-05 5 
5.5499999689345714e-05 10 
9.109999973588856e-05 20 
0.0017510000006950577 40 
0.0011971000003541121 50 
0.0018451999994795187 70 
0.0032424999999420834 100 
0.03144040000006498 400 
0.12828460000037012 800 
0.4793750999997428 1500 
0.86053019999963 2000 
0.0011629999999058782 2 
7.60000002628658e-05 5 
5.689999943570001e-05 10 
7.310000000870787e-05 20 
0.0006252000002859859 40 
0.0008748000000196043 50 
0.0016044000003603287 70 
0.002825499999744352 100 
0.028776899999684247 400 
0.12242479999986244 800 
0.4429949999994278 1500 
0.8768038999996861 2000 
0.0011124000002382672 2 
7.530000038968865e-05 5 
5.650000002788147e-05 10 
7.269999969139462e-05 20 
0.0006274000006669667 40 
0.0008287000000564149 50 
0.0016125000001920853 70 
0.002863700000489189 100 
0.02896489999966434 400 
0.1218165999998746 800 
0.44197059999987687 1500 
0.8688079000003199 2000 
0.0011160000003656023 2 
7.439999990310753e-05 5 
5.680000049324008e-05 10 
7.279999954334926e-05 20 
0.0006511000001410139 40 
0.0008276000007754192 50 
0.0016177000006791786 70 
0.0028515000003608293 100 
0.02865410000049451 400 
0.12271059999966383 800 
0.4409252000004926 1500 
0.8628148999996483 2000 
0.0011124000002382672 2 
7.349999941652641e-05 5 
5.710000004910398e-05 10 
7.230000028357608e-05 20 
0.0006180999998832704 40 
0.0008446000001640641 50 
0.0016041999997469247 70 
0.002846299999873736 100 
0.028778099999726692 400 
0.12230550000003859 800 
0.4398290999997698 1500 
0.862625300000218 2000 
0.0011163999997734209 2 
7.310000000870787e-05 5 
5.6999999287654646e-05 10 
7.199999981821747e-05 20 
0.0006303000000116299 40 
0.0008273000003100606 50 
0.0016100000002552406 70 
0.0029543000000558095 100 
0.02851239999927202 400 
0.12368380000043544 800 
0.44402460000037536 1500 
0.8670699000003879 2000 
0.0011268999996900675 2 
7.159999950090423e-05 5 
5.6400000175926834e-05 10 
7.15000005584443e-05 20 
0.0006268000006457441 40 
0.0008361999998669489 50 
0.0016165999995791935 70 
0.0029676000003746594 100 
0.028836299999966286 400 
0.12099579999994603 800 
0.4422281999995903 1500 
0.874760900000183 2000 
0.0011126999997941311 2 
7.569999979750719e-05 5 
5.719999990105862e-05 10 
7.209999967017211e-05 20 
0.0006227999992916011 40 
0.0008773999998084037 50 
0.001620099999854574 70 
0.002970100000311504 100 
0.02869950000058452 400 
0.12222810000002937 800 
0.444109799999751 1500 
0.8722234999995635 2000 
0.0011139999996885308 2 
7.569999979750719e-05 5 
5.729999975301325e-05 10 
7.240000013553072e-05 20 
0.0006303000000116299 40 
0.0008283999995910563 50 
0.0016128999995999038 70 
0.002916400000685826 100 
0.028686699999525445 400 
0.12304429999949207 800 
0.45275539999965986 1500 
0.9295177000003605 2000 
0.0011148000003231573 2 
7.470000036846614e-05 5 
5.6799999583745375e-05 10 
7.280000045284396e-05 20 
0.0006536000000778586 40 
0.0008068999995884951 50 
0.0017453000000386965 70 
0.0029535999992731377 100 
0.029178899999351415 400 
0.12296609999975772 800 
0.4478240000007645 1500 
0.8671285999998872 2000 
