0.053250100000695966 2 
8.350000007339986e-05 5 
8.600000001024455e-05 10 
0.00014659999942523427 20 
0.001552300000184914 40 
0.001298799999858602 50 
0.0027031999998143874 70 
0.005431900000075984 100 
0.10042799999973795 400 
0.6377715999997235 800 
4.372759699999733 1500 
10.762898599999971 2000 
0.002082999999402091 2 
6.810000013501849e-05 5 
5.1900000471505336e-05 10 
9.469999986322364e-05 20 
0.002642800000103307 40 
0.0012671999993472127 50 
0.0025482999999439926 70 
0.004987399999663467 100 
0.09510840000075405 400 
0.622491799999807 800 
4.394046700000217 1500 
10.662010399999417 2000 
0.002138300000297022 2 
5.229999987932388e-05 5 
4.86999997519888e-05 10 
0.00011840000024676556 20 
0.0024256999995486694 40 
0.0012728000001516193 50 
0.0025766999997358653 70 
0.004990899999938847 100 
0.09513500000048225 400 
0.6159126000002288 800 
4.382328600000619 1500 
10.706215100000009 2000 
0.002125999999407213 2 
5.9500000133994035e-05 5 
4.7700000322947744e-05 10 
9.74000004134723e-05 20 
0.0022730000000592554 40 
0.0013409000002866378 50 
0.0025650999996287283 70 
0.0049956000002566725 100 
0.0951904999992621 400 
0.6240662999998676 800 
4.331456800000524 1500 
10.611575500000072 2000 
0.0021336999998311512 2 
6.42000004518195e-05 5 
7.869999990361976e-05 10 
9.929999941959977e-05 20 
0.002098900000419235 40 
0.0012831000003643567 50 
0.002572300000792893 70 
0.004980300000170246 100 
0.09525659999962954 400 
0.6237346999996589 800 
4.359503099999529 1500 
10.640602500000568 2000 
0.002115799999955925 2 
5.200000032345997e-05 5 
4.7200000153679866e-05 10 
9.189999946102034e-05 20 
0.0024653000000398606 40 
0.0013963999999759835 50 
0.002715399999942747 70 
0.0049994999999398715 100 
0.09512779999931809 400 
0.6181780999995681 800 
4.341332400000283 1500 
10.605252800000017 2000 
0.0021077999999761232 2 
5.120000059832819e-05 5 
4.710000030172523e-05 10 
9.200000022246968e-05 20 
0.0022734999993190286 40 
0.0015745000000606524 50 
0.0026196999997409876 70 
0.0049878999998327345 100 
0.09552920000078302 400 
0.6199287999997978 800 
4.402676599999722 1500 
10.659325700000409 2000 
0.002142700000149489 2 
6.550000034621917e-05 5 
4.979999994247919e-05 10 
9.680000039224979e-05 20 
0.0024759999996604165 40 
0.001240299999153649 50 
0.002590000000054715 70 
0.005132500000399887 100 
0.09576469999956316 400 
0.6230396999999357 800 
4.340748399999939 1500 
10.598506799999996 2000 
0.0021589999996649567 2 
5.9499999224499334e-05 5 
4.859999990003416e-05 10 
9.849999969446799e-05 20 
0.00224290000005567 40 
0.001272900000003574 50 
0.002564600000368955 70 
0.004977800000233401 100 
0.09627749999981461 400 
0.6198313000004418 800 
4.337673099999847 1500 
10.617025300000023 2000 
0.0021094000003358815 2 
5.4600000112259295e-05 5 
4.659999922296265e-05 10 
9.210000007442432e-05 20 
0.002683199999410135 40 
0.0012992000001759152 50 
0.0026662000000214903 70 
0.005084299999907671 100 
0.09543630000007397 400 
0.6168041999999332 800 
4.3423752999997305 1500 
10.58257500000036 2000 
