0.00011410000024625333 2 
7.509999977628468e-05 5 
7.900000036897836e-05 10 
0.0001239000002897228 20 
0.0017274000001634704 40 
0.0017176999999719555 50 
0.0025867999993351987 70 
0.004981400000360736 100 
0.1326920000001337 400 
0.9049070000000938 800 
5.072652500000004 1500 
11.537597999999889 2000 
0.0011092000004282454 2 
7.040000036795391e-05 5 
5.210000017541461e-05 10 
8.179999986168696e-05 20 
0.0020124000002397224 40 
0.0012348000000201864 50 
0.0024464999996780534 70 
0.004657200000110606 100 
0.13269810000019788 400 
0.8949678999997559 800 
5.068193199999769 1500 
11.541620399999374 2000 
0.0011091999995187507 2 
5.3700000535172876e-05 5 
4.859999990003416e-05 10 
8.019999950192869e-05 20 
0.002425299999231356 40 
0.0011840000006486662 50 
0.0024767000004430884 70 
0.004787100000612554 100 
0.133736200000385 400 
0.8978335000001607 800 
5.060445199999776 1500 
11.629850400000578 2000 
0.001178299999992305 2 
5.810000038763974e-05 5 
4.780000017490238e-05 10 
7.809999988239724e-05 20 
0.0024447000005238806 40 
0.0012225999998918269 50 
0.002419200000076671 70 
0.004643400000531983 100 
0.13235469999926863 400 
0.892749200000253 800 
5.0493171999996775 1500 
11.667715900000076 2000 
0.0011247000002185814 2 
5.559999954130035e-05 5 
4.86999997519888e-05 10 
7.929999992484227e-05 20 
0.0029353999998420477 40 
0.0012796999999409309 50 
0.002473699999427481 70 
0.004638600000362203 100 
0.13170570000056614 400 
0.8956520000001547 800 
5.022452400000475 1500 
11.321054799999729 2000 
0.0011248999999224907 2 
6.089999988034833e-05 5 
5.019999935029773e-05 10 
8.019999950192869e-05 20 
0.0018722999993769918 40 
0.0012698000000455067 50 
0.0024304999997184495 70 
0.004757200000312878 100 
0.13281129999995755 400 
0.8929692000001523 800 
5.082474199999524 1500 
12.04132110000046 2000 
0.0011167000002387795 2 
5.6599999879836105e-05 5 
5.1899999562010635e-05 10 
8.040000011533266e-05 20 
0.0019284999998490093 40 
0.001203900000291469 50 
0.002676699999938137 70 
0.004719499999737309 100 
0.13684730000022682 400 
0.9216593000001012 800 
5.260030999999799 1500 
12.072108999999728 2000 
0.0010944999994535465 2 
5.1500000154192094e-05 5 
4.8999999307852704e-05 10 
9.920000047713984e-05 20 
0.0026359000003139954 40 
0.0013291999994180514 50 
0.002428900000268186 70 
0.0048299000000042724 100 
0.13320269999985612 400 
0.9407412000000477 800 
5.545900699999947 1500 
11.958399299999655 2000 
0.0011377000000720727 2 
5.4799999816168565e-05 5 
4.999999964638846e-05 10 
8.07999995231512e-05 20 
0.003098600000157603 40 
0.0011954000001423992 50 
0.0024283000002469635 70 
0.004650199999559845 100 
0.13194060000023455 400 
0.8883453999997073 800 
4.981916800000363 1500 
11.30600349999986 2000 
0.0011235000001761364 2 
5.18000006195507e-05 5 
4.86999997519888e-05 10 
0.00010030000066763023 20 
0.003005499999744643 40 
0.0014805999999225605 50 
0.0024156999998012907 70 
0.004697899999882793 100 
0.1325342999998611 400 
0.885573800000202 800 
4.961889899999733 1500 
11.286516600000141 2000 
