8.279999929072801e-05 2 
3.97000003431458e-05 5 
4.220000027999049e-05 10 
9.11999995878432e-05 20 
0.0024714000001040404 40 
0.0012240999994901358 50 
0.0025171000006594113 70 
0.004898499999399064 100 
0.09462939999957598 400 
0.6358138000005056 800 
4.303766600000017 1500 
10.514426799999455 2000 
0.0020368000004964415 2 
4.6299999667098746e-05 5 
4.170000011072261e-05 10 
8.580000030633528e-05 20 
0.0029279000000315136 40 
0.0012273000002096524 50 
0.0025093000003835186 70 
0.004929999999149004 100 
0.09491690000049857 400 
0.6254871000001003 800 
4.422926000000189 1500 
11.646424800000204 2000 
0.0020887999999104068 2 
4.669999998441199e-05 5 
4.219999937049579e-05 10 
8.70000003487803e-05 20 
0.002696999999898253 40 
0.0012397000000419212 50 
0.0025374000006195274 70 
0.004932799999551207 100 
0.09670379999988654 400 
0.6471632000002501 800 
4.61327429999983 1500 
11.485182399999758 2000 
0.0021410999997897306 2 
5.740000051446259e-05 5 
4.2800000301213004e-05 10 
8.999999954539817e-05 20 
0.0021010000000387663 40 
0.0012933000007251394 50 
0.0025741999997990206 70 
0.004917000000205007 100 
0.09711310000056983 400 
0.6772641999996267 800 
4.770774900000106 1500 
11.255939300000136 2000 
0.002126099999259168 2 
5.020000025979243e-05 5 
4.220000027999049e-05 10 
9.159999990515644e-05 20 
0.001293700000132958 40 
0.0012568000001920154 50 
0.002627599999868835 70 
0.004977500000677537 100 
0.0967281000002913 400 
0.6482518000002528 800 
4.818195599999854 1500 
11.020463400000153 2000 
0.00247269999999844 2 
8.590000015828991e-05 5 
4.689999968832126e-05 10 
9.560000034980476e-05 20 
0.0014343000002554618 40 
0.0014444000007642899 50 
0.0025686999997560633 70 
0.00517760000002454 100 
0.10044029999971826 400 
0.6750763000000006 800 
4.615134900000157 1500 
10.497453300000416 2000 
0.0020409999997355044 2 
4.7900000026857015e-05 5 
4.11000000895001e-05 10 
8.600000001024455e-05 20 
0.0027755000000979635 40 
0.0012292999999772292 50 
0.0025427000000490807 70 
0.004906000000119093 100 
0.0958768999998938 400 
0.6062646000000314 800 
4.205884799999694 1500 
10.339497300000403 2000 
0.002042799999799172 2 
4.760000047099311e-05 5 
4.1599999349273276e-05 10 
8.549999984097667e-05 20 
0.003214099999240716 40 
0.0014165000002321904 50 
0.002515200000743789 70 
0.004903600000034203 100 
0.09453759999996691 400 
0.6049186000000191 800 
4.232701100000668 1500 
10.597830800000338 2000 
0.002015199999732431 2 
4.689999968832126e-05 5 
4.2300000131945126e-05 10 
8.55999996929313e-05 20 
0.0026036999997813837 40 
0.0012109999997846899 50 
0.0024802999996609287 70 
0.00483040000017354 100 
0.09350549999999203 400 
0.6052283999997599 800 
4.387502099999438 1500 
11.331774799999948 2000 
0.002107100000102946 2 
5.49000005776179e-05 5 
4.350000017439015e-05 10 
8.830000024317997e-05 20 
0.0028387000002112472 40 
0.0012672000002567074 50 
0.0025415999998585903 70 
0.004924099999698228 100 
0.09595030000036786 400 
0.6325740000002043 800 
4.4798624000004565 1500 
10.968686100000014 2000 
