0.00015579999944748124 2 
6.660000053670956e-05 5 
6.029999985912582e-05 10 
8.98000007509836e-05 20 
0.0008869000002960092 40 
0.0012121999998271349 50 
0.002412699999695178 70 
0.005009099999369937 100 
0.1342396000000008 400 
0.9070663000002241 800 
5.092898099999729 1500 
11.656553800000438 2000 
0.0011542000002009445 2 
6.170000051497482e-05 5 
4.819999958272092e-05 10 
7.890000051702373e-05 20 
0.0023665999997319886 40 
0.001209299999572977 50 
0.002530599999772676 70 
0.004752799999550916 100 
0.13195830000040587 400 
0.8937397999998211 800 
5.063788400000703 1500 
11.54614859999947 2000 
0.0011352999999871827 2 
5.219999911787454e-05 5 
4.889999945589807e-05 10 
7.999999979801942e-05 20 
0.002469799999744282 40 
0.0012780000006387127 50 
0.0024779000004855334 70 
0.004662599999392114 100 
0.13257249999969645 400 
0.8972949999997581 800 
5.059109599999829 1500 
11.561182199999166 2000 
0.0011782000001403503 2 
6.430000030377414e-05 5 
5.140000030223746e-05 10 
0.0001283999999941443 20 
0.0020048999995196937 40 
0.0012329999999565189 50 
0.002443499999571941 70 
0.0047713999992993195 100 
0.1327067000001989 400 
0.8970245000000432 800 
5.057478499999888 1500 
11.528812800000196 2000 
0.0011111000003438676 2 
5.670000064128544e-05 5 
4.929999977321131e-05 10 
0.00010100000054080738 20 
0.0022553999997398932 40 
0.0012127999998483574 50 
0.0024231999996118248 70 
0.004630700000234356 100 
0.13256189999992785 400 
0.8980461999999534 800 
5.065189900000405 1500 
11.52176640000016 2000 
0.001094799999918905 2 
5.929999952059006e-05 5 
5.000000055588316e-05 10 
8.040000011533266e-05 20 
0.0022952999997869483 40 
0.0011863999998240615 50 
0.0024439999997412087 70 
0.00467800000023999 100 
0.13226899999972375 400 
0.8954334999998537 800 
5.0653479000002335 1500 
11.527278700000352 2000 
0.0011092000004282454 2 
5.520000013348181e-05 5 
4.9000000217347406e-05 10 
0.00010000000020227162 20 
0.002048500000455533 40 
0.0012142000005042064 50 
0.002436900000247988 70 
0.004662100000132341 100 
0.13248939999994036 400 
0.8961280000003171 800 
5.068755399999645 1500 
11.734140399999887 2000 
0.001118500000302447 2 
5.79999996261904e-05 5 
4.939999962516595e-05 10 
8.520000028511276e-05 20 
0.0020985000001019216 40 
0.0015181000007942203 50 
0.00237959999958548 70 
0.004575099999783561 100 
0.13192609999987326 400 
0.9000066999997216 800 
5.086739100000159 1500 
11.580834300000788 2000 
0.001153100000010454 2 
7.139999979699496e-05 5 
5.2400000640773214e-05 10 
8.04999999672873e-05 20 
0.001527899999928195 40 
0.001203200000418292 50 
0.002455700000609795 70 
0.0048100999993039295 100 
0.1336581000005026 400 
0.9089937999997346 800 
5.101929800000107 1500 
11.603892799999812 2000 
0.001109099999666796 2 
5.6799999583745375e-05 5 
5.020000025979243e-05 10 
8.030000026337802e-05 20 
0.002604600000267965 40 
0.0011998999998468207 50 
0.0025557999997545267 70 
0.004681200000050012 100 
0.13230149999981222 400 
0.8960327999993751 800 
5.068134600000121 1500 
11.54434829999991 2000 
